1614	 908	 274
1576	 908	 274
1546	 907	 274
1525	 905	 274
1513	 902	 274
1510	 898	 274
1501	 894	 274
1487	 888	 274
1469	 883	 274
1445	 876	 274
1416	 869	 274
1387	 861	 274
1371	 854	 274
1356	 845	 274
1335	 836	 274
1311	 826	 274
1285	 815	 274
1260	 803	 274
1240	 793	 274
1225	 787	 274
1215	 779	 274
1210	 769	 274
1209	 757	 274
1201	 744	 274
1187	 729	 274
1172	 714	 274
1157	 698	 274
1143	 683	 274
1124	 668	 274
1096	 655	 274
1065	 644	 274
1050	 633	 274
1039	 624	 274
1021	 616	 274
 999	 605	 274
 974	 605	 274
 949	 603	 274
 929	 600	 274
 915	 595	 274
 908	 589	 274
 908	 581	 274
 905	 571	 274
 899	 558	 274
 890	 540	 274
 877	 516	 274
 862	 494	 274
 844	 501	 274
 821	 484	 274
 796	 476	 274
 779	 460	 274
 754	 448	 274
 723	 446	 274
 690	 442	 274
 661	 437	 274
 638	 430	 274
 621	 422	 274
 605	 414	 274
 603	 404	 274
 597	 394	 274
 585	 383	 274
 568	 372	 274
 537	 363	 274
 495	 354	 274
 477	 346	 274
 464	 340	 274
 446	 334	 274
 438	 329	 274
 423	 325	 274
 401	 322	 274
 373	 320	 274
 345	 318	 274
 322	 317	 274
 307	 316	 274
 302	 316	 274
 301	 317	 274
 295	 318	 274
 287	 320	 274
 276	 323	 274
3933	 327	 274
3886	 332	 274
3816	 338	 274
3759	 345	 274
3678	 354	 274
3632	 364	 274
3632	 376	 274
3628	 389	 274
3619	 402	 274
3609	 415	 274
3601	 426	 274
3598	 435	 274
3596	 443	 274
3597	 447	 274
3599	 461	 274
3604	 485	 274
3614	 498	 274
3624	 507	 274
3631	 545	 274
3632	 571	 274
3639	 586	 274
3693	 597	 274
3767	 604	 274
3817	 605	 274
3879	 623	 274
3928	 643	 274
3935	 669	 274
 281	 704	 274
 289	 740	 274
 295	 771	 274
 300	 791	 274
 302	 819	 274
 303	 844	 274
 308	 864	 274
 318	 880	 274
 331	 893	 274
 346	 901	 274
 362	 906	 274
 378	 908	 274
 393	 909	 274
 405	 917	 274
 415	 929	 274
 423	 944	 274
 429	 960	 274
 433	 977	 274
 436	 992	 274
 439	1004	 274
 440	1015	 274
 441	1023	 274
 442	1029	 274
 442	1034	 274
 443	1038	 274
 442	1041	 274
 442	1043	 274
 441	1044	 274
 440	1044	 274
 439	1045	 274
 438	1044	 274
 436	1044	 274
 434	1043	 274
 432	1041	 274
 429	1039	 274
 426	1037	 274
 423	1034	 274
 420	1031	 274
 416	1027	 274
 412	1023	 274
 409	1019	 274
 405	1014	 274
 402	1009	 274
 399	1005	 274
 397	1000	 274
 394	 995	 274
 393	 990	 274
 392	 986	 274
 392	 982	 274
 392	 978	 274
 393	 975	 274
 394	 972	 274
 396	 969	 274
 399	 967	 274
 402	 966	 274
 405	 965	 274
 408	 964	 274
 412	 964	 274
 416	 964	 274
 420	 965	 274
 424	 967	 274
 428	 969	 274
 432	 972	 274
 436	 975	 274
 439	 979	 274
 442	 984	 274
 444	 990	 274
 446	 996	 274
 448	1002	 274
 453	1009	 274
 464	1017	 274
 475	1024	 274
 487	1032	 274
 484	1039	 274
 498	1045	 274
 492	1050	 274
 506	1055	 274
 525	1069	 274
 542	1090	 274
 556	1111	 274
 568	1129	 274
 576	1143	 274
 583	1154	 274
 590	1167	 274
 595	1181	 274
 599	1194	 274
 602	1205	 274
 604	1210	 274
 605	1212	 274
 611	1220	 274
 618	1235	 274
 626	1257	 274
 636	1284	 274
 647	1315	 274
 659	1344	 274
 674	1366	 274
 691	1383	 274
 709	1418	 274
 727	1453	 274
 744	1480	 274
 760	1499	 274
 774	1510	 274
 785	1515	 274
 794	1534	 274
 807	1567	 274
 822	1610	 274
 835	1656	 274
 847	1689	 274
 857	1721	 274
 867	1756	 274
 875	1784	 274
 883	1805	 274
 890	1815	 274
 895	1818	 274
 900	1843	 274
 904	1881	 274
 906	1916	 274
 907	1956	 274
 908	2009	 274
 908	2054	 274
 911	2090	 274
 917	2113	 274
 926	2119	 274
 936	2140	 274
 949	2173	 274
 963	2215	 274
 979	2261	 274
 995	2298	 274
1009	2322	 274
1023	2350	 274
1034	2373	 274
1044	2391	 274
1050	2404	 274
1056	2413	 274
1074	2418	 274
1095	2421	 274
1115	2421	 274
1132	2422	 274
1144	2425	 274
1154	2429	 274
1164	2432	 274
1175	2435	 274
1186	2437	 274
1197	2437	 274
1205	2436	 274
1210	2434	 274
1210	2431	 274
1214	2427	 274
1220	2424	 274
1230	2422	 274
1243	2421	 274
1260	2421	 274
1279	2419	 274
1301	2415	 274
1323	2410	 274
1343	2401	 274
1359	2391	 274
1371	2378	 274
1384	2362	 274
1409	2342	 274
1435	2321	 274
1458	2304	 274
1477	2278	 274
1491	2246	 274
1503	2212	 274
1510	2181	 274
1513	2154	 274
1522	2133	 274
1539	2119	 274
1562	2116	 274
1592	2106	 274
1626	2088	 274
1657	2063	 274
1683	2033	 274
1699	2000	 274
1729	1963	 274
1753	1934	 274
1774	1909	 274
1792	1886	 274
1805	1861	 274
1813	1837	 274
1816	1821	 274
1820	1816	 274
1838	1814	 274
1863	1808	 274
1889	1798	 274
1913	1785	 274
1938	1769	 274
1971	1750	 274
2007	1730	 274
2039	1707	 274
2067	1691	 274
2090	1675	 274
2107	1655	 274
2116	1631	 274
2119	1607	 274
2131	1584	 274
2148	1564	 274
2170	1548	 274
2196	1534	 274
2223	1524	 274
2251	1517	 274
2277	1513	 274
2298	1512	 274
2313	1509	 274
2323	1505	 274
2340	1499	 274
2354	1492	 274
2365	1485	 274
2374	1476	 274
2382	1466	 274
2388	1455	 274
2393	1442	 274
2397	1428	 274
2399	1413	 274
2401	1397	 274
2402	1384	 274
2402	1374	 274
2401	1369	 274
2400	1361	 274
2397	1351	 274
2393	1339	 274
2388	1324	 274
2381	1309	 274
2372	1292	 274
2360	1275	 274
2345	1259	 274
2325	1245	 274
2313	1232	 274
2292	1222	 274
2264	1215	 274
2230	1210	 274
2196	1210	 274
2164	1206	 274
2139	1198	 274
2120	1186	 274
2116	1173	 274
2103	1160	 274
2079	1149	 274
2046	1136	 274
2006	1117	 274
1960	1093	 274
1924	1067	 274
1894	1052	 274
1862	1045	 274
1832	1034	 274
1816	1020	 274
1814	1003	 274
1805	 985	 274
1788	 966	 274
1766	 949	 274
1738	 934	 274
1706	 923	 274
1683	 914	 274
1652	 909	 274
