1151 2844 274
1179 2930 274
1207 3007 274
1234 3074 274
1260 3132 274
1286 3183 274
1311 3226 274
1335 3262 274
1358 3292 274
1379 3316 274
1400 3335 274
1419 3349 274
1438 3359 274
1454 3365 274
1469 3369 274
1483 3369 274
1494 3368 274
1505 3365 274
1513 3361 274
1520 3356 274
1526 3350 274
1530 3343 274
1532 3337 274
1533 3331 274
1533 3325 274
1532 3320 274
1529 3317 274
1525 3315 274
1520 3314 274
1514 3316 274
1507 3320 274
1499 3327 274
1490 3336 274
1480 3347 274
1470 3359 274
1460 3371 274
1449 3383 274
1439 3394 274
1430 3404 274
1421 3412 274
1412 3418 274
1405 3421 274
1399 3421 274
1395 3416 274
1392 3407 274
1390 3392 274
1391 3372 274
1393 3346 274
1396 3314 274
1399 3276 274
1402 3233 274
1403 3183 274
1402 3128 274
1398 3066 274
1391 2999 274
1381 2925 274
1365 2846 274
1345 2761 274
1318 2669 274
1285 2571 274
1244 2468 274
1196 2358 274
1140 2244 274
1077 2126 274
1009 2005 274
934 1883 274
855 1762 274
770 1642 274
682 1524 274
590 1410 274
496 1302 274
399 1199 274
300 1105 274
3496 1019 274
3395 943 274
3295 878 274
3195 826 274
3096 785 274
2998 755 274
2902 734 274
2808 722 274
2716 718 274
2628 720 274
2543 727 274
2461 740 274
2384 755 274
2312 774 274
2244 794 274
2181 814 274
2125 834 274
2074 853 274
2030 869 274
1992 883 274
1960 895 274
1933 905 274
1911 914 274
1893 920 274
1879 926 274
1868 930 274
1860 933 274
1855 934 274
1852 935 274
1850 936 274
1850 936 274
1850 935 274
1850 935 274
1850 934 274
1850 934 274
1850 933 274
1849 932 274
1849 931 274
1848 929 274
1847 927 274
1846 924 274
1845 921 274
1845 917 274
1844 912 274
1843 906 274
1842 899 274
1841 891 274
1840 882 274
1840 872 274
1839 861 274
1839 849 274
1839 836 274
1840 823 274
1841 809 274
1842 796 274
1844 782 274
1847 769 274
1850 757 274
1854 745 274
1858 734 274
1864 723 274
1870 715 274
1877 707 274
1885 701 274
1894 697 274
1903 694 274
1912 692 274
1921 691 274
1930 691 274
1938 692 274
1945 693 274
1951 694 274
1955 696 274
1957 698 274
1957 700 274
1954 701 274
1949 702 274
1941 703 274
1930 702 274
1915 702 274
1899 700 274
1880 699 274
1860 697 274
1838 694 274
1817 692 274
1794 690 274
1773 687 274
1751 685 274
1731 684 274
1713 682 274
1696 682 274
1682 682 274
1671 682 274
1663 684 274
1659 686 274
1656 688 274
1656 692 274
1658 695 274
1662 699 274
1667 704 274
1672 708 274
1679 712 274
1685 716 274
1691 720 274
1697 724 274
1701 727 274
1705 730 274
1707 733 274
1706 734 274
1705 735 274
1701 735 274
1697 735 274
1691 735 274
1685 735 274
1678 734 274
1671 733 274
1663 733 274
1656 732 274
1649 732 274
1643 732 274
1637 732 274
1633 734 274
1630 735 274
1628 738 274
1628 741 274
1629 745 274
1631 749 274
1635 754 274
1640 760 274
1646 766 274
1653 772 274
1661 779 274
1670 787 274
1680 794 274
1691 802 274
1703 810 274
1716 819 274
1729 827 274
1742 836 274
1757 845 274
1771 854 274
1786 863 274
1801 872 274
1816 881 274
1831 890 274
1846 899 274
1861 908 274
1875 916 274
1889 925 274
1902 933 274
1915 941 274
1926 949 274
1937 957 274
1947 964 274
1956 971 274
1963 978 274
1971 984 274
1977 990 274
1983 995 274
1989 1000 274
1994 1005 274
2000 1009 274
2005 1013 274
2010 1016 274
2015 1018 274
2021 1020 274
2027 1022 274
2034 1023 274
2041 1023 274
2048 1023 274
2056 1022 274
2064 1021 274
2072 1020 274
2079 1018 274
2087 1016 274
2094 1014 274
2101 1013 274
2107 1011 274
2112 1010 274
2116 1008 274
2120 1008 274
2122 1007 274
2122 1007 274
2121 1008 274
2119 1009 274
2116 1011 274
2111 1013 274
2105 1016 274
2099 1019 274
2091 1022 274
2083 1025 274
2074 1029 274
2065 1033 274
2055 1036 274
2045 1040 274
2035 1044 274
2025 1047 274
2015 1051 274
2006 1054 274
1996 1057 274
1987 1060 274
1978 1062 274
1969 1065 274
1960 1067 274
1952 1070 274
1944 1072 274
1936 1074 274
1928 1076 274
1921 1077 274
1914 1079 274
1907 1081 274
1900 1083 274
1894 1084 274
1888 1086 274
1883 1088 274
1877 1089 274
1870 1091 274
1864 1092 274
1857 1093 274
1849 1093 274
1840 1094 274
1829 1093 274
1818 1093 274
1805 1092 274
1790 1090 274
1773 1088 274
1754 1085 274
1733 1081 274
1709 1076 274
1683 1071 274
1655 1066 274
1626 1060 274
1596 1053 274
1566 1047 274
1535 1040 274
1504 1033 274
1473 1027 274
1443 1020 274
1415 1015 274
1388 1009 274
1363 1004 274
1340 1000 274
1320 997 274
1303 995 274
1288 993 274
1276 991 274
1267 989 274
1259 987 274
1253 984 274
1248 980 274
1244 974 274
1241 966 274
1238 956 274
1236 944 274
1234 928 274
1231 910 274
1228 887 274
1224 861 274
1218 830 274
1212 796 274
1205 758 274
1197 718 274
1188 677 274
1179 634 274
1169 591 274
1159 548 274
1148 506 274
1137 465 274
1127 427 274
1116 391 274
1106 359 274
1095 331 274
1086 307 274
1076 290 274
1068 278 274
1060 274 274
1054 279 274
1049 292 274
1047 316 274
1046 351 274
1048 398 274
1052 459 274
1060 533 274
1070 623 274
1085 728 274
1102 851 274
1124 991 274
1854 1398 274
1844 1409 274
1836 1418 274
1830 1427 274
1825 1434 274
1822 1440 274
1820 1445 274
1819 1450 274
1819 1454 274
1819 1457 274
1820 1459 274
1822 1462 274
1823 1463 274
1825 1465 274
1826 1466 274
1827 1467 274
1828 1468 274
1828 1469 274
1828 1470 274
1827 1472 274
1825 1473 274
1822 1475 274
1818 1477 274
1814 1480 274
1808 1483 274
1802 1486 274
1794 1490 274
1785 1495 274
1775 1500 274
1764 1507 274
1751 1514 274
1737 1522 274
1722 1530 274
1705 1540 274
1688 1551 274
1671 1562 274
1653 1574 274
1634 1587 274
1616 1600 274
1599 1614 274
1581 1629 274
1565 1644 274
1550 1660 274
1536 1677 274
1523 1694 274
1512 1711 274
1502 1729 274
1495 1747 274
1489 1766 274
1484 1785 274
1481 1804 274
1479 1823 274
1478 1842 274
1478 1861 274
1478 1880 274
1479 1899 274
1481 1918 274
1482 1936 274
1484 1954 274
1486 1972 274
1488 1989 274
1489 2006 274
1490 2022 274
1490 2037 274
1491 2053 274
1490 2067 274
1489 2082 274
1488 2096 274
1486 2111 274
1484 2125 274
1481 2139 274
1477 2153 274
1473 2167 274
1468 2182 274
1462 2196 274
1456 2211 274
1448 2227 274
1440 2242 274
1432 2259 274
1424 2277 274
1415 2297 274
1407 2318 274
1400 2341 274
1393 2366 274
1386 2394 274
1381 2425 274
1378 2459 274
1376 2496 274
1375 2537 274
1377 2581 274
1380 2630 274
1386 2684 274
1394 2741 274
1404 2801 274
1416 2863 274
1429 2927 274
1443 2991 274
1457 3056 274
1473 3120 274
1489 3182 274
1504 3243 274
1520 3300 274
1535 3353 274
1550 3403 274
1564 3447 274
1576 3485 274
1587 3517 274
1597 3542 274
1606 3562 274
1614 283 274
1621 293 274
1628 300 274
1635 303 274
1642 304 274
1649 302 274
1656 299 274
1664 295 274
1672 290 274
1682 284 274
1693 280 274
1705 276 274
1719 274 274
1734 3568 274
1751 274 274
1768 276 274
1787 279 274
1806 283 274
1826 287 274
1846 293 274
1866 298 274
1887 304 274
1907 311 274
1927 317 274
1947 324 274
1965 330 274
1984 336 274
2001 341 274
2017 347 274
2032 351 274
2047 356 274
2061 360 274
2074 364 274
2087 368 274
2099 371 274
2110 375 274
2121 378 274
2132 382 274
2143 385 274
2153 389 274
2164 392 274
2174 396 274
2184 400 274
2194 404 274
2203 408 274
2212 411 274
2220 414 274
2227 417 274
2233 419 274
2237 420 274
2239 420 274
2240 419 274
2238 416 274
2234 412 274
2227 407 274
2218 400 274
2206 391 274
2190 380 274
2172 367 274
2153 353 274
2132 339 274
2112 325 274
2091 311 274
2072 298 274
2056 287 274
2041 277 274
2031 3565 274
2025 3560 274
2023 3559 274
2028 3562 274
2039 275 274
2057 287 274
2083 304 274
2116 326 274
2155 353 274
2200 383 274
2250 416 274
2304 452 274
2361 490 274
2420 530 274
2480 570 274
2542 611 274
2603 651 274
2664 691 274
2722 730 274
2779 767 274
2831 802 274
2880 834 274
2925 863 274
2966 889 274
3004 913 274
3038 935 274
3068 955 274
3096 973 274
3121 989 274
3142 1003 274
3162 1016 274
3179 1028 274
3193 1039 274
3206 1048 274
3216 1057 274
3225 1065 274
3233 1073 274
3239 1080 274
3243 1087 274
3246 1093 274
3248 1099 274
3250 1104 274
3250 1108 274
3249 1112 274
3247 1114 274
3245 1116 274
3242 1117 274
3239 1118 274
3235 1117 274
3231 1115 274
3226 1113 274
3222 1109 274
3218 1105 274
3213 1100 274
3208 1094 274
3204 1087 274
3199 1080 274
3195 1073 274
3191 1066 274
3187 1058 274
3182 1051 274
3179 1044 274
3175 1037 274
3172 1031 274
3169 1025 274
3166 1020 274
3163 1016 274
3161 1012 274
3159 1009 274
3158 1007 274
3157 1006 274
3156 1005 274
3155 1005 274
3155 1006 274
3155 1007 274
3156 1009 274
3157 1011 274
3158 1015 274
3159 1018 274
3161 1022 274
3163 1027 274
3166 1032 274
3168 1038 274
3171 1044 274
3174 1050 274
3177 1056 274
3179 1062 274
3182 1068 274
3184 1075 274
3186 1081 274
3187 1086 274
3188 1091 274
3188 1096 274
3187 1100 274
3186 1104 274
3183 1107 274
3180 1109 274
3176 1110 274
3171 1111 274
3166 1111 274
3160 1111 274
3155 1110 274
3149 1109 274
3144 1108 274
3140 1107 274
3136 1106 274
3134 1105 274
3132 1105 274
3132 1105 274
3133 1105 274
3137 1105 274
3142 1107 274
3148 1109 274
3157 1111 274
3166 1114 274
3176 1118 274
3187 1122 274
3198 1126 274
3208 1131 274
3219 1136 274
3229 1142 274
3238 1148 274
3246 1154 274
3252 1161 274
3257 1167 274
3259 1174 274
3260 1181 274
3258 1188 274
3257 1196 274
3255 1203 274
3254 1210 274
3256 1217 274
3260 1223 274
3267 1230 274
3279 1236 274
3296 1241 274
3319 1246 274
3349 1250 274
3387 1254 274
3433 1257 274
3488 1259 274
3554 1260 274
333 1261 274
415 1261 274
504 1260 274
597 1258 274
694 1256 274
793 1254 274
894 1252 274
995 1249 274
1094 1246 274
1190 1243 274
1282 1240 274
1369 1237 274
1449 1235 274
1522 1232 274
1585 1230 274
1640 1229 274
1686 1228 274
1725 1228 274
1756 1229 274
1780 1230 274
1798 1233 274
1809 1237 274
1816 1242 274
1817 1249 274
1813 1257 274
1806 1267 274
1794 1278 274
1780 1291 274
1763 1307 274
1743 1324 274
1723 1344 274
1702 1366 274
1683 1391 274
1665 1418 274
1651 1447 274
1641 1480 274
1637 1515 274
1639 1554 274
1649 1595 274
1668 1640 274
1697 1688 274
1736 1740 274
1788 1795 274
398 1386 274
418 1380 274
438 1375 274
456 1370 274
474 1365 274
491 1360 274
507 1355 274
523 1350 274
538 1345 274
552 1340 274
565 1335 274
578 1330 274
590 1324 274
602 1319 274
613 1313 274
624 1307 274
634 1300 274
644 1293 274
653 1285 274
662 1277 274
671 1269 274
679 1260 274
688 1251 274
695 1242 274
703 1232 274
710 1221 274
718 1211 274
725 1199 274
732 1188 274
739 1176 274
745 1163 274
752 1150 274
759 1137 274
766 1124 274
773 1110 274
779 1097 274
786 1083 274
793 1070 274
800 1057 274
807 1045 274
814 1033 274
821 1022 274
828 1011 274
835 1002 274
843 993 274
850 986 274
858 979 274
865 974 274
873 970 274
881 966 274
888 964 274
896 962 274
904 961 274
911 961 274
918 961 274
926 962 274
933 962 274
940 964 274
946 965 274
953 966 274
959 968 274
965 969 274
970 970 274
975 972 274
980 973 274
985 974 274
990 975 274
995 977 274
999 978 274
1004 979 274
1008 981 274
1013 982 274
1017 984 274
1022 986 274
1026 987 274
1031 990 274
1036 992 274
1041 994 274
1047 997 274
1052 1000 274
1058 1003 274
1065 1006 274
1071 1009 274
1078 1013 274
1085 1017 274
1093 1022 274
1101 1027 274
1109 1032 274
1118 1037 274
1128 1043 274
1138 1050 274
1148 1056 274
1159 1064 274
1171 1071 274
1183 1079 274
1195 1088 274
1207 1097 274
1220 1106 274
1232 1116 274
1245 1127 274
1258 1137 274
1271 1149 274
1284 1161 274
1296 1173 274
1309 1186 274
1321 1200 274
1333 1214 274
1345 1228 274
1356 1243 274
1368 1259 274
1379 1275 274
1390 1292 274
1402 1309 274
1413 1327 274
1425 1345 274
1437 1364 274
1449 1384 274
1461 1404 274
1474 1425 274
1488 1446 274
1502 1468 274
1516 1490 274
1531 1513 274
1547 1536 274
1563 1560 274
1579 1584 274
1596 1609 274
1613 1634 274
1630 1660 274
1647 1686 274
1665 1713 274
1682 1739 274
1700 1766 274
1717 1794 274
1734 1821 274
1751 1849 274
1768 1877 274
1784 1905 274
1800 1934 274
1816 1962 274
1831 1990 274
1846 2019 274
1860 2047 274
1874 2075 274
1887 2102 274
1899 2129 274
1910 2156 274
1921 2183 274
1931 2209 274
1939 2234 274
1947 2259 274
1954 2282 274
1959 2306 274
1964 2328 274
1968 2350 274
1971 2371 274
1974 2392 274
1976 2412 274
1977 2431 274
1978 2450 274
1978 2468 274
1978 2486 274
1978 2503 274
1978 2520 274
1977 2536 274
1977 2551 274
1976 2566 274
1975 2581 274
1975 2596 274
1975 2610 274
1974 2626 274
1974 2642 274
1975 2658 274
1975 2676 274
1976 2695 274
1976 2715 274
1978 2738 274
1979 2762 274
1981 2788 274
1984 2817 274
1987 2848 274
1990 2882 274
1994 2918 274
1997 2956 274
2002 2996 274
2006 3036 274
2010 3077 274
2014 3117 274
2018 3157 274
2021 3196 274
2025 3233 274
2027 3269 274
2029 3301 274
2031 3331 274
2031 3357 274
2031 3378 274
2029 3396 274
2027 3409 274
2024 3419 274
2020 3426 274
2015 3429 274
2009 3431 274
2003 3430 274
1996 3428 274
1988 3425 274
1980 3421 274
1971 3417 274
1962 3413 274
1952 3410 274
1942 3409 274
1931 3408 274
1921 3410 274
1910 3413 274
1898 3417 274
1886 3422 274
1874 3428 274
1861 3433 274
1847 3437 274
1833 3440 274
1818 3442 274
1803 3442 274
1786 3439 274
1769 3434 274
1751 3425 274
1731 3413 274
1711 3396 274
1690 3375 274
1668 3350 274
1645 3321 274
1621 3289 274
1596 3253 274
1570 3216 274
1545 3176 274
1518 3134 274
1491 3092 274
1464 3048 274
1437 3005 274
1409 2961 274
1382 2918 274
1354 2876 274
1326 2835 274
1299 2796 274
1272 2759 274
1245 2723 274
1218 2689 274
1192 2657 274
1166 2626 274
1141 2596 274
1116 2568 274
1091 2541 274
1067 2515 274
1044 2490 274
1021 2467 274
998 2444 274
977 2422 274
956 2401 274
935 2381 274
916 2362 274
897 2344 274
879 2326 274
861 2309 274
844 2292 274
828 2277 274
812 2261 274
797 2247 274
782 2233 274
768 2219 274
754 2206 274
741 2193 274
728 2181 274
715 2169 274
703 2157 274
691 2146 274
679 2135 274
668 2124 274
657 2114 274
646 2103 274
635 2093 274
625 2083 274
615 2073 274
605 2063 274
595 2053 274
585 2042 274
575 2032 274
565 2022 274
555 2011 274
546 2000 274
536 1989 274
527 1978 274
517 1967 274
508 1957 274
500 1946 274
492 1936 274
484 1926 274
477 1917 274
471 1909 274
465 1901 274
460 1894 274
456 1888 274
453 1883 274
451 1879 274
450 1876 274
450 1874 274
451 1873 274
452 1873 274
455 1873 274
457 1874 274
460 1875 274
463 1876 274
466 1877 274
469 1878 274
472 1879 274
474 1879 274
476 1878 274
478 1876 274
479 1874 274
479 1870 274
478 1866 274
477 1861 274
475 1855 274
472 1848 274
470 1842 274
467 1835 274
464 1828 274
461 1822 274
458 1816 274
456 1810 274
453 1805 274
451 1801 274
450 1798 274
449 1797 274
449 1797 274
450 1797 274
451 1798 274
453 1800 274
455 1801 274
457 1801 274
460 1800 274
463 1798 274
466 1794 274
469 1787 274
473 1778 274
476 1765 274
479 1749 274
482 1728 274
484 1703 274
486 1673 274
488 1638 274
489 1596 274
489 1548 274
488 1492 274
486 1429 274
483 1357 274
479 1275 274
473 1184 274
465 1082 274
456 970 274
444 846 274
431 709 274
416 560 274
3178 932 274
3167 918 274
3162 907 274
3163 897 274
3168 890 274
3178 885 274
3193 882 274
3211 880 274
3233 880 274
3258 882 274
3286 884 274
3317 888 274
3349 893 274
3383 899 274
3419 905 274
3455 913 274
3493 920 274
3530 928 274
3568 937 274
310 945 274
348 954 274
384 963 274
420 971 274
455 980 274
488 988 274
520 996 274
550 1003 274
579 1010 274
605 1016 274
628 1022 274
649 1026 274
667 1030 274
682 1033 274
695 1035 274
705 1036 274
714 1037 274
720 1037 274
725 1036 274
729 1035 274
731 1033 274
732 1031 274
733 1029 274
733 1026 274
733 1023 274
732 1020 274
732 1017 274
732 1013 274
732 1010 274
733 1007 274
733 1003 274
734 1000 274
736 997 274
737 994 274
739 991 274
741 989 274
743 987 274
746 985 274
749 984 274
751 983 274
754 982 274
757 982 274
761 983 274
764 984 274
767 985 274
771 987 274
774 989 274
778 992 274
781 995 274
785 998 274
789 1001 274
792 1005 274
795 1008 274
799 1012 274
802 1016 274
805 1020 274
808 1023 274
810 1027 274
813 1030 274
815 1034 274
817 1038 274
820 1041 274
822 1045 274
824 1049 274
827 1054 274
830 1058 274
833 1063 274
836 1069 274
839 1074 274
843 1081 274
847 1087 274
852 1094 274
857 1102 274
863 1111 274
869 1120 274
875 1130 274
882 1140 274
890 1150 274
898 1162 274
906 1174 274
914 1186 274
923 1199 274
933 1212 274
943 1226 274
953 1240 274
964 1255 274
974 1270 274
986 1286 274
997 1302 274
1009 1319 274
1022 1336 274
1034 1353 274
1047 1371 274
1061 1388 274
1074 1406 274
1089 1425 274
1103 1443 274
1118 1461 274
1134 1480 274
1150 1498 274
1166 1517 274
1182 1536 274
1200 1554 274
1217 1573 274
1235 1591 274
1253 1609 274
1271 1627 274
1289 1645 274
1307 1662 274
1325 1679 274
1342 1696 274
1359 1712 274
1376 1727 274
1393 1742 274
1408 1757 274
1424 1770 274
1438 1783 274
1452 1795 274
1464 1807 274
1477 1818 274
1488 1828 274
1499 1839 274
1510 1849 274
1520 1858 274
1530 1868 274
1539 1878 274
1549 1888 274
1558 1898 274
1567 1908 274
1576 1919 274
1586 1931 274
1595 1943 274
1605 1955 274
1615 1969 274
1625 1983 274
1634 1997 274
1644 2011 274
1653 2026 274
1661 2040 274
1669 2053 274
1676 2067 274
1682 2080 274
1686 2091 274
1690 2102 274
1692 2112 274
1693 2121 274
1692 2128 274
1689 2134 274
1685 2138 274
1679 2142 274
1672 2144 274
1665 2146 274
1657 2147 274
1648 2147 274
1639 2148 274
1631 2148 274
1622 2149 274
1614 2150 274
1607 2151 274
1601 2154 274
1596 2157 274
1593 2162 274
1591 2167 274
1590 2174 274
1591 2182 274
1592 2191 274
1595 2201 274
1597 2210 274
1600 2220 274
1603 2230 274
1605 2239 274
1607 2248 274
1607 2256 274
1607 2264 274
1605 2270 274
1602 2275 274
1597 2279 274
1590 2281 274
1580 2281 274
1570 2280 274
1557 2277 274
1543 2274 274
1528 2269 274
1513 2264 274
1496 2258 274
1479 2251 274
1462 2244 274
1445 2236 274
1427 2229 274
1410 2221 274
1394 2213 274
1378 2206 274
1363 2199 274
1349 2193 274
1336 2187 274
1323 2181 274
1311 2175 274
1300 2170 274
1289 2165 274
1278 2160 274
1267 2155 274
1256 2150 274
1246 2145 274
1235 2140 274
1225 2134 274
1214 2129 274
1202 2124 274
1191 2118 274
1179 2113 274
1166 2107 274
1154 2102 274
1141 2097 274
1129 2092 274
1117 2089 274
1105 2085 274
1093 2083 274
1081 2082 274
1070 2082 274
1060 2083 274
1050 2086 274
1041 2090 274
1033 2096 274
1026 2103 274
1019 2112 274
1013 2123 274
1008 2135 274
1004 2147 274
1000 2160 274
996 2174 274
993 2188 274
990 2202 274
988 2215 274
985 2228 274
982 2240 274
980 2251 274
977 2261 274
974 2269 274
970 2276 274
967 2281 274
963 2284 274
959 2287 274
955 2289 274
951 2290 274
947 2291 274
944 2291 274
940 2291 274
937 2291 274
935 2292 274
932 2293 274
931 2295 274
930 2298 274
929 2302 274
929 2308 274
930 2314 274
932 2322 274
933 2330 274
936 2339 274
938 2347 274
941 2356 274
943 2365 274
946 2373 274
948 2380 274
951 2386 274
953 2391 274
954 2395 274
955 2397 274
956 2396 274
955 2394 274
955 2391 274
954 2386 274
953 2382 274
953 2378 274
954 2376 274
955 2375 274
957 2377 274
962 2383 274
967 2392 274
975 2407 274
985 2427 274
998 2453 274
1014 2485 274
1033 2526 274
1055 2574 274
1080 2630 274
1108 2691 274
1138 2758 274
1170 2828 274
1203 2901 274
1237 2976 274
1272 3051 274
1307 3126 274
1342 3199 274
1377 3270 274
1410 3337 274
1442 3399 274
1473 3455 274
1501 3504 274
1527 3545 274
1551 284 274
1573 311 274
1593 333 274
1612 349 274
1630 361 274
1647 370 274
1664 375 274
1680 379 274
1698 382 274
1715 384 274
1734 387 274
1753 391 274
1775 396 274
1798 404 274
1823 416 274
1850 430 274
1879 447 274
1910 466 274
1943 487 274
1978 509 274
2015 531 274
2053 554 274
2094 576 274
2136 598 274
2180 619 274
2225 637 274
2272 654 274
2320 668 274
2370 679 274
2422 687 274
2474 690 274
2528 688 274
2582 679 274
2638 663 274
2693 638 274
2749 604 274
2805 560 274
2860 505 274
2915 438 274
2970 357 274
3024 3557 274
3077 3447 274
3128 3321 274
852 1477 274
863 1470 274
872 1461 274
879 1452 274
882 1443 274
884 1432 274
884 1421 274
882 1409 274
878 1397 274
873 1384 274
866 1371 274
859 1358 274
851 1345 274
842 1331 274
832 1318 274
823 1305 274
813 1291 274
804 1278 274
794 1265 274
785 1253 274
776 1240 274
767 1228 274
760 1217 274
752 1206 274
746 1195 274
740 1185 274
736 1175 274
732 1166 274
730 1158 274
729 1150 274
729 1143 274
731 1137 274
734 1132 274
738 1127 274
743 1123 274
750 1119 274
756 1116 274
764 1114 274
772 1112 274
780 1110 274
788 1108 274
796 1107 274
804 1106 274
811 1105 274
818 1104 274
824 1103 274
829 1103 274
833 1102 274
837 1101 274
840 1100 274
843 1100 274
845 1099 274
847 1098 274
848 1098 274
849 1098 274
851 1098 274
852 1098 274
853 1098 274
854 1098 274
855 1099 274
857 1100 274
859 1101 274
861 1103 274
864 1105 274
867 1107 274
870 1109 274
874 1111 274
877 1114 274
881 1117 274
884 1121 274
888 1124 274
892 1128 274
895 1133 274
899 1137 274
902 1142 274
906 1147 274
909 1152 274
912 1158 274
915 1164 274
918 1170 274
921 1176 274
924 1183 274
928 1190 274
932 1197 274
936 1205 274
941 1213 274
946 1221 274
952 1230 274
958 1239 274
965 1248 274
973 1257 274
982 1267 274
991 1277 274
1001 1287 274
1012 1298 274
1023 1309 274
1034 1319 274
1045 1330 274
1056 1341 274
1067 1353 274
1077 1364 274
1088 1375 274
1097 1386 274
1106 1397 274
1114 1408 274
1122 1418 274
1128 1429 274
1133 1439 274
1138 1450 274
1142 1460 274
1145 1470 274
1148 1480 274
1152 1490 274
1155 1501 274
1159 1511 274
1163 1522 274
1167 1532 274
1172 1543 274
1179 1555 274
1186 1566 274
1195 1578 274
1205 1590 274
1216 1603 274
1228 1616 274
1242 1629 274
1256 1642 274
1271 1655 274
1286 1669 274
1302 1682 274
1318 1696 274
1334 1709 274
1350 1723 274
1366 1736 274
1381 1749 274
1396 1761 274
1410 1774 274
1424 1786 274
1437 1798 274
1449 1809 274
1460 1820 274
1470 1831 274
1480 1842 274
1490 1853 274
1498 1864 274
1507 1874 274
1514 1885 274
1521 1895 274
1528 1906 274
1534 1917 274
1540 1927 274
1545 1939 274
1550 1950 274
1555 1961 274
1560 1973 274
1563 1984 274
1567 1996 274
1570 2007 274
1573 2018 274
1576 2029 274
1578 2040 274
1580 2050 274
1582 2060 274
1583 2070 274
1584 2079 274
1584 2087 274
1585 2095 274
1584 2102 274
1584 2108 274
1583 2114 274
1582 2119 274
1580 2124 274
1578 2129 274
1576 2134 274
1573 2138 274
1570 2142 274
1566 2146 274
1562 2151 274
1557 2155 274
1552 2160 274
1546 2165 274
1540 2171 274
1533 2176 274
1526 2183 274
1518 2189 274
1510 2196 274
1502 2203 274
1494 2209 274
1485 2216 274
1477 2222 274
1468 2228 274
1459 2233 274
1451 2238 274
1443 2242 274
1435 2245 274
1427 2247 274
1420 2248 274
1413 2248 274
1407 2247 274
1401 2244 274
1395 2241 274
1389 2237 274
1384 2233 274
1378 2227 274
1372 2221 274
1366 2215 274
1360 2208 274
1353 2201 274
1346 2194 274
1338 2187 274
1330 2179 274
1321 2172 274
1311 2165 274
1301 2158 274
1289 2151 274
1278 2144 274
1265 2138 274
1252 2131 274
1239 2124 274
1226 2118 274
1212 2111 274
1198 2104 274
1184 2098 274
1170 2091 274
1156 2084 274
1143 2077 274
1129 2071 274
1116 2063 274
1103 2056 274
1090 2049 274
1077 2041 274
1065 2034 274
1053 2026 274
1042 2018 274
1030 2010 274
1020 2001 274
1009 1993 274
999 1984 274
989 1975 274
979 1966 274
970 1957 274
961 1947 274
953 1937 274
945 1928 274
937 1918 274
930 1908 274
923 1898 274
916 1888 274
909 1879 274
903 1870 274
897 1861 274
891 1853 274
885 1845 274
880 1838 274
874 1831 274
869 1826 274
863 1821 274
858 1817 274
853 1814 274
847 1811 274
842 1810 274
837 1809 274
832 1808 274
827 1808 274
823 1809 274
818 1809 274
813 1810 274
809 1811 274
804 1813 274
800 1814 274
796 1816 274
792 1817 274
788 1818 274
785 1819 274
781 1820 274
778 1820 274
774 1821 274
771 1821 274
768 1821 274
766 1821 274
763 1821 274
761 1821 274
758 1820 274
756 1819 274
754 1818 274
753 1817 274
751 1815 274
750 1814 274
749 1812 274
748 1810 274
748 1808 274
747 1806 274
747 1803 274
747 1801 274
747 1799 274
748 1797 274
748 1794 274
749 1792 274
750 1791 274
752 1789 274
753 1787 274
755 1786 274
757 1785 274
759 1784 274
761 1784 274
764 1783 274
766 1783 274
769 1783 274
772 1782 274
774 1782 274
777 1781 274
780 1780 274
783 1779 274
786 1777 274
788 1775 274
791 1772 274
794 1769 274
796 1766 274
799 1762 274
801 1757 274
803 1752 274
805 1747 274
807 1742 274
808 1736 274
810 1730 274
811 1724 274
812 1717 274
813 1711 274
814 1705 274
815 1699 274
815 1693 274
816 1687 274
816 1682 274
816 1676 274
815 1671 274
815 1665 274
815 1659 274
814 1653 274
814 1645 274
813 1637 274
812 1628 274
812 1617 274
812 1605 274
811 1592 274
811 1576 274
811 1559 274
811 1540 274
811 1518 274
812 1495 274
812 1468 274
813 1438 274
815 1406 274
816 1369 274
818 1330 274
821 1286 274
824 1238 274
827 1186 274
831 1129 274
835 1068 274
840 1001 274
846 929 274
2127 403 274
2138 532 274
2139 633 274
2130 710 274
2112 763 274
2085 794 274
2052 804 274
2012 797 274
1966 772 274
1916 733 274
1862 680 274
1804 615 274
1745 541 274
1684 458 274
1622 369 274
1561 275 274
1501 3472 274
1442 3372 274
1385 3271 274
1331 3170 274
1279 3070 274
1230 2971 274
1185 2875 274
1143 2782 274
1106 2694 274
1073 2611 274
1045 2535 274
1022 2466 274
1005 2405 274
993 2354 274
989 2313 274
991 2283 274
998 2263 274
1012 2252 274
1029 2249 274
1050 2253 274
1074 2263 274
1101 2277 274
1128 2295 274
1156 2315 274
1184 2337 274
1211 2358 274
1236 2379 274
1259 2398 274
1278 2414 274
1293 2426 274
1303 2433 274
1309 2435 274
1311 2433 274
1310 2429 274
1307 2422 274
1303 2413 274
1297 2403 274
1290 2393 274
1284 2383 274
1278 2374 274
1274 2367 274
1272 2363 274
1273 2362 274
1277 2364 274
1284 2372 274
1296 2384 274
1312 2401 274
1330 2420 274
1349 2440 274
1368 2461 274
1387 2481 274
1403 2497 274
1416 2511 274
1425 2518 274
1429 2520 274
1426 2513 274
1415 2498 274
1396 2472 274
1367 2435 274
1327 2384 274
1275 2320 274
1214 2243 274
1143 2156 274
1065 2060 274
982 1957 274
895 1851 274
805 1741 274
715 1631 274
626 1522 274
540 1416 274
457 1315 274
381 1221 274
312 1137 274
3547 1063 274
3497 1002 274
3460 956 274
3433 923 274
3417 902 274
3409 891 274
3409 890 274
3414 896 274
3425 909 274
3440 926 274
3457 947 274
3475 970 274
3494 993 274
3511 1015 274
3527 1034 274
3538 1050 274
3545 1061 274
3546 1065 274
3542 1063 274
3535 1057 274
3523 1047 274
3510 1035 274
3495 1020 274
3480 1005 274
3465 990 274
3452 976 274
3442 965 274
3434 957 274
3431 953 274
3433 955 274
3441 962 274
3456 978 274
3479 1001 274
3508 1031 274
3544 1067 274
289 1108 274
334 1154 274
381 1202 274
429 1252 274
479 1302 274
528 1353 274
576 1401 274
621 1448 274
663 1490 274
700 1528 274
732 1560 274
758 1586 274
776 1603 274
788 1614 274
793 1618 274
793 1617 274
789 1611 274
781 1602 274
770 1589 274
758 1574 274
744 1558 274
729 1541 274
715 1525 274
701 1510 274
690 1497 274
681 1486 274
676 1479 274
674 1477 274
676 1478 274
682 1483 274
689 1490 274
699 1499 274
710 1510 274
722 1522 274
735 1534 274
747 1546 274
758 1557 274
768 1567 274
776 1575 274
782 1581 274
784 1583 274
783 1582 274
778 1577 274
770 1568 274
759 1555 274
746 1541 274
731 1524 274
715 1505 274
700 1486 274
685 1466 274
671 1446 274
659 1427 274
650 1409 274
644 1392 274
642 1378 274
645 1367 274
652 1359 274
666 1354 274
684 1353 274
707 1355 274
733 1359 274
762 1365 274
792 1373 274
823 1381 274
855 1391 274
885 1400 274
914 1408 274
940 1416 274
963 1422 274
982 1427 274
996 1429 274
1004 1428 274
1006 1424 274
1001 1417 274
992 1408 274
979 1396 274
963 1382 274
944 1367 274
924 1351 274
904 1333 274
884 1316 274
865 1298 274
848 1280 274
834 1263 274
825 1247 274
820 1232 274
821 1219 274
828 1208 274
841 1198 274
859 1190 274
882 1184 274
908 1178 274
938 1174 274
970 1170 274
1003 1166 274
1037 1163 274
1072 1160 274
1106 1157 274
1138 1153 274
1169 1149 274
1197 1144 274
1222 1138 274
1243 1131 274
1260 1123 274
1273 1114 274
1283 1104 274
1290 1094 274
1295 1083 274
1297 1071 274
1297 1060 274
1295 1049 274
1291 1038 274
1286 1027 274
1280 1017 274
1273 1008 274
1266 999 274
1258 992 274
1250 985 274
1243 980 274
1235 977 274
1228 974 274
1222 974 274
1216 975 274
1210 977 274
1206 982 274
1202 988 274
1200 996 274
1198 1007 274
1198 1020 274
1199 1035 274
1202 1052 274
1206 1072 274
1212 1094 274
1219 1119 274
1227 1146 274
1237 1175 274
1247 1205 274
1259 1237 274
1270 1270 274
1282 1303 274
1294 1338 274
1306 1373 274
1318 1408 274
1329 1444 274
1339 1479 274
1349 1514 274
1357 1548 274
1364 1581 274
1370 1613 274
1376 1645 274
1380 1675 274
1385 1706 274
1389 1735 274
1393 1765 274
1397 1793 274
1403 1822 274
1409 1850 274
1416 1879 274
1424 1907 274
1433 1935 274
1445 1963 274
1458 1991 274
1474 2020 274
1491 2048 274
1510 2077 274
1530 2105 274
1550 2133 274
1570 2161 274
1591 2188 274
1611 2214 274
1630 2240 274
1647 2264 274
1663 2288 274
1677 2310 274
1688 2330 274
1697 2349 274
1702 2367 274
1703 2382 274
1701 2396 274
1697 2409 274
1690 2419 274
1681 2429 274
1671 2438 274
1660 2445 274
1648 2452 274
1636 2457 274
1624 2462 274
1613 2467 274
1603 2471 274
1595 2475 274
1589 2479 274
1585 2483 274
1584 2487 274
1586 2491 274
1590 2496 274
1597 2503 274
1606 2511 274
1617 2520 274
1630 2532 274
1644 2547 274
1660 2564 274
1677 2585 274
1695 2609 274
1714 2637 274
1734 2670 274
1754 2707 274
1774 2749 274
1794 2796 274
1815 2848 274
1835 2903 274
1855 2960 274
1875 3019 274
1895 3079 274
1914 3139 274
1933 3197 274
1951 3254 274
1969 3307 274
1986 3357 274
2002 3401 274
2018 3440 274
2032 3472 274
2046 3497 274
2058 3513 274
2069 3519 274
2079 3514 274
2089 3497 274
2097 3466 274
2104 3420 274
2110 3358 274
2116 3279 274
2120 3181 274
2123 3062 274
2126 2923 274
2128 2761 274
2128 2575 274
2128 2364 274
1380 2150 274
1347 2120 274
1317 2094 274
1291 2072 274
1267 2055 274
1246 2040 274
1228 2029 274
1213 2021 274
1199 2016 274
1188 2013 274
1178 2013 274
1170 2014 274
1163 2017 274
1157 2022 274
1152 2028 274
1148 2035 274
1145 2043 274
1142 2052 274
1139 2061 274
1136 2070 274
1134 2079 274
1132 2089 274
1129 2098 274
1126 2107 274
1123 2115 274
1119 2123 274
1115 2130 274
1110 2137 274
1104 2142 274
1097 2146 274
1090 2148 274
1081 2150 274
1071 2149 274
1060 2148 274
1048 2145 274
1036 2142 274
1023 2137 274
1010 2132 274
997 2127 274
984 2121 274
970 2115 274
957 2108 274
945 2102 274
932 2096 274
921 2091 274
910 2085 274
900 2081 274
891 2076 274
883 2073 274
875 2069 274
867 2066 274
861 2063 274
854 2061 274
848 2058 274
842 2055 274
836 2052 274
830 2049 274
824 2045 274
817 2042 274
811 2037 274
804 2033 274
796 2027 274
789 2021 274
781 2015 274
772 2008 274
764 2001 274
755 1994 274
747 1987 274
739 1980 274
731 1973 274
723 1967 274
716 1960 274
710 1954 274
704 1949 274
698 1944 274
694 1940 274
690 1937 274
687 1934 274
685 1933 274
683 1931 274
682 1930 274
682 1930 274
682 1929 274
682 1929 274
682 1929 274
683 1928 274
683 1928 274
684 1927 274
684 1926 274
685 1925 274
685 1923 274
685 1920 274
684 1917 274
683 1913 274
682 1909 274
681 1905 274
680 1900 274
679 1894 274
678 1889 274
677 1883 274
677 1878 274
676 1872 274
676 1866 274
676 1860 274
677 1854 274
678 1849 274
679 1843 274
681 1838 274
684 1833 274
686 1828 274
690 1824 274
693 1819 274
697 1815 274
701 1811 274
705 1808 274
709 1804 274
714 1801 274
718 1798 274
723 1795 274
727 1793 274
732 1791 274
736 1789 274
740 1787 274
744 1785 274
748 1784 274
753 1782 274
757 1780 274
761 1778 274
764 1776 274
768 1773 274
772 1770 274
776 1766 274
780 1762 274
784 1757 274
788 1752 274
792 1745 274
796 1738 274
800 1730 274
804 1721 274
808 1711 274
812 1701 274
816 1691 274
820 1680 274
824 1669 274
828 1658 274
831 1646 274
834 1635 274
837 1623 274
840 1612 274
842 1601 274
844 1590 274
846 1580 274
847 1570 274
848 1561 274
849 1551 274
851 1542 274
852 1534 274
853 1525 274
854 1516 274
855 1508 274
857 1500 274
859 1491 274
862 1483 274
865 1474 274
869 1466 274
873 1457 274
878 1448 274
883 1438 274
890 1429 274
896 1420 274
903 1410 274
911 1401 274
919 1392 274
927 1383 274
936 1374 274
944 1366 274
953 1358 274
962 1350 274
970 1343 274
979 1336 274
988 1330 274
996 1325 274
1004 1320 274
1012 1316 274
1019 1312 274
1027 1308 274
1034 1305 274
1041 1302 274
1047 1300 274
1053 1298 274
1059 1295 274
1064 1293 274
1069 1291 274
1073 1289 274
1077 1287 274
1081 1285 274
1084 1283 274
1087 1280 274
1089 1277 274
1091 1274 274
1092 1271 274
1092 1268 274
1092 1264 274
1092 1260 274
1091 1256 274
1090 1251 274
1088 1247 274
1086 1242 274
1083 1236 274
1079 1231 274
1075 1225 274
1070 1218 274
1065 1212 274
1060 1205 274
1054 1198 274
1047 1191 274
1040 1183 274
1033 1176 274
1026 1169 274
1019 1162 274
1011 1155 274
1003 1149 274
996 1142 274
988 1136 274
980 1131 274
972 1126 274
965 1121 274
957 1117 274
950 1113 274
943 1110 274
937 1107 274
931 1105 274
925 1103 274
920 1101 274
916 1099 274
912 1098 274
909 1097 274
906 1096 274
905 1096 274
904 1095 274
905 1095 274
906 1094 274
909 1094 274
912 1094 274
916 1094 274
920 1095 274
925 1095 274
931 1096 274
937 1097 274
943 1099 274
949 1100 274
955 1103 274
962 1105 274
968 1108 274
974 1112 274
980 1115 274
985 1120 274
990 1125 274
994 1130 274
999 1136 274
1003 1143 274
1008 1150 274
1012 1157 274
1017 1165 274
1021 1173 274
1026 1182 274
1032 1192 274
1038 1201 274
1044 1212 274
1051 1223 274
1058 1234 274
1067 1246 274
1075 1258 274
1085 1270 274
1095 1283 274
1105 1296 274
1116 1310 274
1127 1324 274
1138 1337 274
1149 1352 274
1160 1366 274
1171 1380 274
1182 1395 274
1192 1409 274
1203 1423 274
1212 1438 274
1222 1452 274
1231 1466 274
1239 1481 274
1248 1495 274
1256 1510 274
1264 1524 274
1272 1539 274
1280 1554 274
1288 1570 274
1296 1586 274
1305 1603 274
1314 1620 274
1323 1638 274
1333 1656 274
1343 1675 274
1354 1695 274
1366 1715 274
1378 1736 274
1390 1757 274
1403 1779 274
1415 1800 274
1428 1822 274
1441 1843 274
1454 1863 274
1467 1884 274
1480 1903 274
1492 1922 274
1504 1939 274
1515 1956 274
1525 1971 274
1535 1985 274
1545 1998 274
1553 2009 274
1561 2020 274
1568 2029 274
1574 2038 274
1580 2046 274
1585 2054 274
1589 2061 274
1592 2068 274
1595 2074 274
1596 2081 274
1597 2088 274
1597 2095 274
1597 2103 274
1595 2111 274
1593 2119 274
1589 2127 274
1586 2135 274
1581 2143 274
1576 2149 274
1570 2155 274
1564 2160 274
1557 2163 274
1550 2164 274
1543 2163 274
1535 2161 274
1526 2155 274
1518 2147 274
1509 2136 274
1500 2122 274
1491 2104 274
1482 2083 274
1472 2057 274
1463 2026 274
1454 1990 274
1445 1949 274
1435 1902 274
1427 1849 274
1418 1789 274
1410 1723 274
1401 1649 274
1394 1567 274
1386 1478 274
1249 1914 274
1242 1911 274
1234 1907 274
1227 1901 274
1218 1895 274
1210 1886 274
1201 1877 274
1192 1867 274
1183 1856 274
1173 1845 274
1163 1833 274
1154 1820 274
1144 1807 274
1135 1794 274
1125 1781 274
1116 1768 274
1106 1756 274
1097 1743 274
1088 1731 274
1080 1720 274
1072 1709 274
1064 1698 274
1056 1688 274
1048 1679 274
1041 1670 274
1035 1662 274
1029 1655 274
1023 1649 274
1017 1644 274
1012 1640 274
1008 1637 274
1004 1635 274
1001 1634 274
998 1633 274
995 1634 274
993 1635 274
991 1637 274
989 1638 274
987 1641 274
986 1643 274
984 1645 274
983 1647 274
982 1648 274
981 1650 274
979 1650 274
978 1650 274
976 1649 274
974 1647 274
972 1645 274
970 1642 274
968 1639 274
966 1636 274
965 1632 274
963 1629 274
961 1625 274
960 1622 274
958 1619 274
957 1616 274
956 1614 274
956 1613 274
956 1612 274
956 1612 274
957 1613 274
958 1615 274
959 1618 274
960 1620 274
962 1624 274
964 1628 274
967 1632 274
969 1636 274
972 1640 274
975 1645 274
978 1649 274
981 1653 274
984 1657 274
987 1661 274
991 1664 274
994 1667 274
997 1669 274
1001 1672 274
1004 1674 274
1007 1675 274
1010 1677 274
1014 1678 274
1017 1680 274
1020 1681 274
1023 1682 274
1026 1683 274
1029 1684 274
1032 1685 274
1034 1687 274
1037 1688 274
1039 1690 274
1041 1691 274
1044 1693 274
1046 1694 274
1047 1696 274
1049 1698 274
1050 1699 274
1052 1701 274
1053 1702 274
1054 1704 274
1054 1705 274
1055 1706 274
1055 1707 274
1055 1708 274
1055 1708 274
1055 1709 274
1055 1709 274
1054 1710 274
1054 1710 274
1054 1710 274
1054 1710 274
1054 1711 274
1054 1712 274
1055 1713 274
1056 1714 274
1058 1715 274
1060 1717 274
1063 1719 274
1066 1722 274
1071 1725 274
1075 1728 274
1080 1732 274
1086 1736 274
1092 1741 274
1098 1745 274
1104 1750 274
1110 1754 274
1116 1759 274
1122 1763 274
1127 1767 274
1132 1771 274
1136 1775 274
1140 1778 274
1142 1781 274
1144 1783 274
1146 1785 274
1146 1786 274
1147 1788 274
1147 1789 274
1148 1790 274
1148 1792 274
1150 1793 274
1152 1796 274
1154 1798 274
1158 1801 274
1164 1805 274
1170 1810 274
1179 1816 274
1189 1823 274
1201 1831 274
1215 1840 274
1231 1850 274
1247 1861 274
1265 1872 274
1284 1883 274
1302 1895 274
1321 1907 274
1340 1918 274
1358 1930 274
1375 1941 274
1391 1951 274
1406 1961 274
1420 1969 274
1431 1977 274
1440 1983 274
1447 1988 274
1453 1992 274
1457 1995 274
1459 1997 274
1460 1999 274
1460 2000 274
1459 2001 274
1457 2002 274
1455 2002 274
1452 2002 274
1449 2003 274
1446 2003 274
1444 2004 274
1441 2006 274
1440 2008 274
1438 2011 274
1438 2013 274
1437 2017 274
1437 2020 274
1436 2024 274
1436 2028 274
1436 2031 274
1435 2035 274
1434 2038 274
1433 2041 274
1432 2043 274
1430 2045 274
1427 2046 274
1424 2046 274
1420 2046 274
1415 2045 274
1409 2043 274
1403 2040 274
1397 2037 274
1390 2033 274
1382 2028 274
1374 2023 274
1366 2017 274
1358 2011 274
1349 2004 274
1341 1997 274
1332 1990 274
1323 1982 274
1314 1973 274
1306 1965 274
1297 1956 274
1289 1947 274
1281 1937 274
1273 1928 274
1265 1919 274
1257 1909 274
1249 1900 274
1242 1891 274
1234 1883 274
1227 1874 274
1220 1866 274
1213 1859 274
1206 1852 274
1199 1845 274
1193 1839 274
1186 1834 274
1180 1828 274
1174 1823 274
1168 1818 274
1162 1813 274
1156 1808 274
1150 1803 274
1145 1796 274
1140 1790 274
1135 1782 274
1130 1774 274
1125 1764 274
1120 1753 274
1116 1741 274
1112 1728 274
1108 1713 274
1104 1697 274
1100 1681 274
1096 1664 274
1093 1647 274
1090 1630 274
1086 1613 274
1083 1597 274
1080 1581 274
1077 1567 274
1074 1554 274
1071 1543 274
1068 1534 274
1065 1527 274
1062 1522 274
1059 1519 274
1057 1519 274
1054 1520 274
1052 1523 274
1050 1527 274
1048 1533 274
1047 1540 274
1046 1548 274
1045 1556 274
1045 1566 274
1046 1575 274
1047 1585 274
1049 1595 274
1051 1604 274
1054 1614 274
1058 1623 274
1063 1632 274
1068 1641 274
1073 1649 274
1079 1657 274
1084 1666 274
1090 1674 274
1096 1682 274
1102 1691 274
1108 1699 274
1113 1708 274
1118 1717 274
1123 1726 274
1127 1735 274
1130 1745 274
1133 1755 274
1136 1765 274
1138 1775 274
1140 1786 274
1142 1797 274
1145 1808 274
1147 1820 274
1150 1831 274
1153 1843 274
1157 1855 274
1162 1867 274
1167 1879 274
1174 1891 274
1181 1904 274
1190 1916 274
1200 1928 274
1211 1941 274
1222 1953 274
1234 1965 274
1247 1977 274
1260 1989 274
1273 2000 274
1287 2010 274
1300 2021 274
1313 2030 274
1325 2039 274
1337 2048 274
1349 2055 274
1359 2062 274
1368 2068 274
1377 2073 274
1385 2077 274
1392 2081 274
1398 2084 274
1404 2088 274
1409 2091 274
1413 2094 274
1418 2098 274
1422 2101 274
1425 2106 274
1429 2111 274
1432 2116 274
1436 2123 274
1439 2130 274
1443 2139 274
1447 2148 274
1451 2158 274
1454 2167 274
1458 2177 274
1461 2186 274
1464 2194 274
1467 2201 274
1469 2206 274
1471 2209 274
1472 2210 274
1472 2209 274
1472 2204 274
1471 2196 274
1469 2184 274
1466 2168 274
1462 2148 274
1457 2123 274
1450 2092 274
1442 2055 274
1432 2011 274
1421 1961 274
1407 1903 274
1392 1838 274
1374 1763 274
1354 1680 274
1332 1588 274
1307 1485 274
1279 1372 274
