3478 2109 274
3396 2102 274
3319 2096 274
3246 2091 274
3178 2087 274
3113 2083 274
3053 2081 274
2996 2079 274
2943 2077 274
2894 2077 274
2848 2077 274
2806 2077 274
2768 2078 274
2732 2080 274
2700 2082 274
2670 2085 274
2644 2088 274
2621 2091 274
2600 2095 274
2582 2100 274
2566 2104 274
2553 2109 274
2542 2114 274
2534 2120 274
2528 2125 274
2523 2131 274
2521 2137 274
2520 2143 274
2522 2149 274
2524 2156 274
2529 2162 274
2534 2169 274
2542 2175 274
2550 2181 274
2560 2188 274
2570 2194 274
2582 2200 274
2595 2206 274
2608 2212 274
2622 2217 274
2638 2223 274
2653 2228 274
2669 2233 274
2686 2237 274
2703 2242 274
2721 2246 274
2738 2250 274
2756 2253 274
2774 2256 274
2792 2258 274
2810 2260 274
2827 2262 274
2845 2263 274
2862 2263 274
2879 2263 274
2895 2263 274
2911 2261 274
2926 2260 274
2940 2257 274
2954 2254 274
2966 2250 274
2978 2245 274
2989 2240 274
2999 2234 274
3008 2228 274
3016 2221 274
3024 2213 274
3031 2205 274
3037 2196 274
3043 2187 274
3048 2178 274
3052 2168 274
3056 2158 274
3059 2147 274
3062 2136 274
3064 2126 274
3066 2114 274
3068 2103 274
3069 2092 274
3070 2080 274
3070 2069 274
3071 2058 274
3071 2046 274
3072 2035 274
3072 2024 274
3072 2013 274
3072 2002 274
3072 1991 274
3072 1981 274
3072 1971 274
3072 1961 274
3072 1952 274
3073 1943 274
3074 1934 274
3075 1927 274
3076 1920 274
3078 1914 274
3081 1909 274
3084 1904 274
3088 1901 274
3093 1899 274
3098 1899 274
3104 1900 274
3111 1902 274
3119 1906 274
3128 1911 274
3138 1918 274
3149 1927 274
3162 1938 274
3175 1951 274
3190 1966 274
3207 1984 274
3225 2003 274
3244 2025 274
3265 2049 274
3288 2076 274
3312 2106 274
3338 2139 274
3366 2174 274
3396 2212 274
3428 2253 274
3462 2297 274
3497 2345 274
3535 2394 274
279 2447 274
319 2501 274
360 2557 274
403 2615 274
446 2675 274
490 2735 274
535 2797 274
580 2860 274
626 2922 274
671 2986 274
717 3049 274
762 3112 274
807 3175 274
851 3237 274
895 3298 274
937 3358 274
979 3416 274
1020 3473 274
1059 3528 274
1097 286 274
1133 337 274
1167 385 274
1199 431 274
1229 473 274
1257 512 274
1283 547 274
1305 579 274
1325 607 274
1343 631 274
1358 652 274
1370 669 274
1380 683 274
1388 693 274
1394 701 274
1398 706 274
1400 709 274
1401 709 274
1400 707 274
1398 703 274
1394 697 274
1389 690 274
1384 681 274
1377 670 274
1369 659 274
1361 647 274
1353 634 274
1343 620 274
1334 606 274
1324 592 274
1315 578 274
1305 564 274
1296 550 274
1287 537 274
1278 525 274
1270 513 274
1263 502 274
1256 493 274
1251 485 274
1246 479 274
1242 473 274
1239 470 274
1237 468 274
1235 467 274
1234 468 274
1234 470 274
1234 474 274
1234 479 274
1235 486 274
1236 495 274
1237 505 274
1239 517 274
1240 530 274
1242 545 274
1244 562 274
1246 580 274
1247 600 274
1249 622 274
1250 645 274
1251 671 274
1252 698 274
1253 727 274
1252 757 274
1252 790 274
1251 824 274
1249 860 274
1247 898 274
1244 938 274
1240 979 274
1236 1023 274
1230 1068 274
1224 1114 274
1218 1162 274
1210 1211 274
1202 1260 274
1194 1311 274
1185 1362 274
1175 1413 274
1165 1465 274
1154 1517 274
1143 1569 274
1131 1620 274
1119 1672 274
1107 1722 274
1094 1772 274
1081 1822 274
1067 1870 274
1053 1917 274
1039 1963 274
1024 2007 274
1010 2050 274
995 2091 274
980 2130 274
965 2166 274
949 2201 274
934 2233 274
918 2262 274
902 2289 274
887 2313 274
871 2334 274
855 2352 274
840 2368 274
824 2381 274
808 2392 274
793 2401 274
778 2408 274
762 2413 274
747 2416 274
732 2417 274
717 2417 274
703 2415 274
689 2413 274
674 2409 274
661 2404 274
647 2398 274
634 2391 274
621 2383 274
609 2376 274
597 2367 274
585 2359 274
574 2350 274
563 2341 274
552 2332 274
543 2324 274
533 2316 274
524 2308 274
516 2301 274
508 2294 274
501 2289 274
495 2284 274
489 2280 274
483 2277 274
478 2274 274
474 2272 274
469 2270 274
466 2269 274
463 2269 274
460 2268 274
457 2268 274
455 2268 274
454 2269 274
452 2270 274
451 2270 274
450 2271 274
450 2272 274
449 2273 274
449 2273 274
449 2274 274
449 2274 274
449 2274 274
450 2274 274
450 2273 274
451 2272 274
452 2270 274
452 2268 274
453 2265 274
453 2262 274
454 2258 274
455 2253 274
455 2248 274
456 2241 274
456 2235 274
456 2228 274
456 2220 274
456 2213 274
456 2205 274
456 2196 274
456 2188 274
456 2180 274
455 2172 274
455 2163 274
454 2155 274
453 2148 274
452 2140 274
451 2134 274
449 2127 274
448 2121 274
446 2116 274
444 2111 274
442 2107 274
440 2104 274
437 2102 274
434 2101 274
432 2101 274
428 2102 274
425 2105 274
421 2108 274
417 2113 274
413 2119 274
409 2127 274
404 2137 274
399 2148 274
394 2161 274
389 2177 274
383 2194 274
377 2214 274
371 2236 274
365 2261 274
358 2288 274
351 2318 274
344 2351 274
336 2387 274
329 2426 274
321 2469 274
313 2515 274
304 2564 274
295 2617 274
287 2674 274
277 2735 274
3563 2799 274
3553 2868 274
3543 2942 274
3533 3019 274
3522 3101 274
3511 3188 274
3500 3280 274
3489 3376 274
1905 1604 274
1957 1645 274
2006 1685 274
2053 1723 274
2098 1760 274
2140 1795 274
2181 1828 274
2220 1860 274
2256 1891 274
2290 1920 274
2323 1947 274
2354 1974 274
2382 1999 274
2409 2022 274
2434 2044 274
2458 2065 274
2479 2085 274
2499 2104 274
2517 2121 274
2534 2137 274
2549 2152 274
2563 2166 274
2575 2179 274
2586 2191 274
2595 2202 274
2603 2212 274
2610 2221 274
2615 2228 274
2620 2235 274
2623 2242 274
2624 2247 274
2625 2251 274
2625 2255 274
2624 2258 274
2621 2260 274
2618 2261 274
2614 2262 274
2609 2262 274
2604 2262 274
2597 2261 274
2590 2259 274
2582 2257 274
2574 2254 274
2566 2251 274
2556 2248 274
2547 2244 274
2537 2240 274
2526 2235 274
2516 2231 274
2505 2226 274
2494 2220 274
2483 2215 274
2471 2209 274
2460 2204 274
2449 2198 274
2438 2192 274
2426 2186 274
2416 2180 274
2405 2174 274
2394 2168 274
2384 2163 274
2374 2157 274
2365 2152 274
2356 2146 274
2347 2141 274
2339 2136 274
2331 2131 274
2324 2127 274
2317 2122 274
2311 2118 274
2305 2114 274
2300 2111 274
2295 2107 274
2291 2104 274
2288 2101 274
2285 2098 274
2283 2096 274
2281 2094 274
2280 2092 274
2280 2091 274
2280 2089 274
2282 2089 274
2283 2088 274
2286 2088 274
2290 2088 274
2294 2089 274
2299 2090 274
2305 2092 274
2312 2094 274
2320 2096 274
2328 2099 274
2338 2102 274
2348 2105 274
2359 2109 274
2371 2113 274
2383 2118 274
2395 2122 274
2408 2126 274
2420 2130 274
2433 2134 274
2445 2138 274
2458 2141 274
2469 2144 274
2481 2146 274
2491 2148 274
2501 2149 274
2511 2149 274
2519 2149 274
2526 2147 274
2532 2145 274
2536 2142 274
2539 2137 274
2541 2131 274
2540 2124 274
2538 2116 274
2535 2106 274
2529 2095 274
2521 2081 274
2510 2067 274
2497 2050 274
2482 2032 274
2464 2012 274
2444 1989 274
2421 1966 274
2397 1940 274
2370 1913 274
2341 1885 274
2311 1855 274
2279 1824 274
2246 1792 274
2212 1759 274
2176 1726 274
2140 1691 274
2103 1656 274
2065 1620 274
2027 1584 274
1988 1547 274
1950 1511 274
1911 1474 274
1873 1437 274
1835 1400 274
1798 1364 274
1761 1327 274
1725 1291 274
1690 1256 274
1656 1221 274
1623 1187 274
1592 1154 274
1563 1122 274
1535 1091 274
1509 1061 274
1485 1032 274
1463 1005 274
1443 979 274
1425 954 274
1409 931 274
1394 909 274
1381 889 274
1370 871 274
1360 854 274
1351 840 274
1344 827 274
1338 816 274
1333 807 274
1329 800 274
1326 795 274
1324 792 274
1323 791 274
1323 792 274
1323 796 274
1324 802 274
1325 811 274
1327 822 274
1330 836 274
1332 852 274
1335 871 274
1338 892 274
1341 917 274
1344 944 274
1347 974 274
1350 1007 274
1353 1042 274
1355 1081 274
1358 1122 274
1360 1166 274
1362 1211 274
1363 1258 274
1365 1307 274
1367 1358 274
1368 1409 274
1370 1461 274
1371 1514 274
1372 1568 274
1374 1621 274
1375 1675 274
1376 1728 274
1378 1781 274
1379 1833 274
1381 1884 274
1383 1934 274
1385 1983 274
1387 2030 274
1389 2075 274
1391 2118 274
1394 2158 274
1396 2196 274
1399 2232 274
1403 2264 274
1406 2293 274
1410 2318 274
1414 2340 274
1419 2357 274
1424 2371 274
1428 2381 274
1434 2388 274
1439 2392 274
1444 2393 274
1449 2390 274
1453 2385 274
1458 2377 274
1462 2368 274
1466 2355 274
1469 2341 274
1472 2325 274
1474 2307 274
1476 2288 274
1476 2268 274
1476 2246 274
1475 2224 274
1473 2201 274
1469 2177 274
1465 2153 274
1460 2128 274
1453 2104 274
1444 2079 274
1435 2055 274
1423 2032 274
1411 2009 274
1396 1987 274
1380 1966 274
1362 1946 274
1342 1927 274
1320 1910 274
1297 1894 274
1272 1880 274
1246 1866 274
1219 1854 274
1190 1843 274
1161 1833 274
1131 1824 274
1100 1816 274
1069 1809 274
1037 1803 274
1005 1798 274
972 1794 274
940 1790 274
908 1787 274
876 1785 274
845 1784 274
814 1784 274
783 1783 274
754 1784 274
725 1785 274
698 1787 274
671 1788 274
646 1791 274
623 1794 274
601 1797 274
581 1800 274
562 1803 274
546 1807 274
532 1811 274
519 1815 274
509 1819 274
500 1824 274
493 1828 274
487 1832 274
482 1837 274
478 1842 274
476 1846 274
474 1851 274
472 1855 274
471 1860 274
470 1865 274
470 1869 274
469 1874 274
468 1878 274
467 1882 274
466 1887 274
463 1891 274
460 1895 274
456 1899 274
451 1902 274
445 1906 274
437 1909 274
427 1912 274
416 1915 274
403 1918 274
388 1920 274
371 1922 274
351 1924 274
329 1926 274
305 1927 274
278 1928 274
3544 1929 274
3513 1929 274
3479 1929 274
3444 1929 274
3408 1929 274
3369 1929 274
3329 1928 274
3287 1927 274
3244 1926 274
3200 1925 274
3154 1924 274
3108 1922 274
3060 1921 274
3012 1919 274
2962 1917 274
2912 1916 274
2861 1914 274
2810 1912 274
2759 1910 274
2707 1908 274
2655 1905 274
2603 1903 274
2550 1901 274
2498 1899 274
2446 1897 274
2395 1895 274
2343 1893 274
2293 1891 274
2243 1889 274
2193 1887 274
2145 1886 274
2098 1884 274
2053 1882 274
2009 1881 274
1967 1880 274
1928 1879 274
1890 1878 274
1855 1877 274
1822 1876 274
1793 1876 274
1766 1875 274
1742 1875 274
1722 1875 274
1706 1876 274
1693 1876 274
1684 1877 274
1679 1878 274
1679 1879 274
1683 1881 274
1693 1883 274
1706 1885 274
1726 1888 274
1750 1890 274
1780 1894 274
1816 1897 274
1857 1901 274
1986 1710 274
2000 1720 274
2013 1729 274
2024 1736 274
2033 1742 274
2042 1746 274
2048 1749 274
2054 1751 274
2058 1752 274
2061 1752 274
2062 1751 274
2063 1749 274
2062 1745 274
2060 1741 274
2057 1736 274
2053 1730 274
2049 1723 274
2043 1716 274
2037 1707 274
2029 1698 274
2021 1689 274
2013 1679 274
2003 1668 274
1993 1657 274
1983 1645 274
1972 1633 274
1961 1621 274
1949 1608 274
1936 1595 274
1924 1582 274
1911 1569 274
1898 1555 274
1885 1542 274
1872 1528 274
1858 1514 274
1844 1501 274
1831 1487 274
1817 1473 274
1803 1459 274
1789 1446 274
1775 1432 274
1761 1419 274
1748 1405 274
1734 1392 274
1720 1379 274
1707 1367 274
1693 1354 274
1680 1342 274
1667 1330 274
1654 1318 274
1642 1307 274
1630 1296 274
1618 1286 274
1606 1276 274
1595 1266 274
1584 1257 274
1574 1249 274
1564 1241 274
1554 1233 274
1545 1226 274
1536 1220 274
1528 1214 274
1520 1209 274
1513 1205 274
1506 1200 274
1500 1197 274
1494 1194 274
1488 1191 274
1483 1189 274
1478 1187 274
1473 1186 274
1468 1185 274
1463 1184 274
1459 1184 274
1454 1183 274
1450 1183 274
1445 1183 274
1441 1184 274
1436 1184 274
1432 1184 274
1427 1185 274
1422 1186 274
1417 1186 274
1412 1187 274
1406 1187 274
1400 1187 274
1394 1188 274
1387 1188 274
1380 1188 274
1373 1187 274
1365 1187 274
1357 1186 274
1348 1185 274
1338 1184 274
1329 1182 274
1319 1181 274
1308 1179 274
1298 1177 274
1287 1175 274
1276 1173 274
1265 1171 274
1253 1169 274
1242 1167 274
1230 1164 274
1219 1162 274
1208 1160 274
1196 1158 274
1185 1157 274
1174 1155 274
1163 1154 274
1153 1152 274
1142 1151 274
1132 1151 274
1123 1150 274
1114 1150 274
1105 1150 274
1097 1151 274
1089 1152 274
1082 1153 274
1075 1155 274
1069 1157 274
1064 1159 274
1059 1162 274
1055 1166 274
1052 1170 274
1049 1174 274
1047 1179 274
1045 1185 274
1043 1190 274
1042 1197 274
1042 1203 274
1042 1210 274
1042 1218 274
1043 1226 274
1044 1234 274
1045 1242 274
1046 1251 274
1048 1261 274
1050 1271 274
1052 1281 274
1054 1291 274
1057 1302 274
1059 1313 274
1062 1325 274
1064 1337 274
1067 1349 274
1069 1361 274
1071 1374 274
1074 1387 274
1076 1401 274
1078 1415 274
1080 1429 274
1082 1443 274
1083 1458 274
1085 1473 274
1087 1488 274
1088 1503 274
1089 1519 274
1091 1535 274
1092 1551 274
1094 1567 274
1095 1583 274
1097 1600 274
1099 1616 274
1101 1633 274
1103 1650 274
1105 1667 274
1108 1685 274
1110 1702 274
1113 1720 274
1117 1737 274
1120 1755 274
1124 1772 274
1128 1790 274
1133 1808 274
1138 1825 274
1144 1843 274
1150 1861 274
1156 1879 274
1163 1896 274
1171 1914 274
1179 1932 274
1187 1949 274
1196 1967 274
1206 1984 274
1216 2002 274
1226 2019 274
1237 2036 274
1248 2053 274
1260 2070 274
1271 2087 274
1283 2104 274
1295 2121 274
1308 2138 274
1320 2154 274
1333 2170 274
1346 2187 274
1359 2203 274
1372 2219 274
1384 2234 274
1397 2250 274
1410 2265 274
1423 2281 274
1436 2296 274
1448 2311 274
1461 2325 274
1473 2340 274
1485 2354 274
1497 2368 274
1508 2382 274
1519 2396 274
1530 2409 274
1540 2422 274
1551 2435 274
1560 2447 274
1570 2459 274
1579 2471 274
1589 2482 274
1598 2493 274
1606 2503 274
1615 2513 274
1624 2522 274
1632 2530 274
1641 2537 274
1649 2544 274
1657 2550 274
1665 2555 274
1674 2560 274
1682 2563 274
1690 2565 274
1699 2567 274
1707 2567 274
1716 2567 274
1725 2565 274
1734 2562 274
1743 2558 274
1752 2553 274
1761 2546 274
1771 2539 274
1781 2529 274
1791 2519 274
1802 2507 274
1813 2494 274
1824 2479 274
1836 2464 274
1847 2447 274
1860 2429 274
1872 2411 274
1885 2391 274
1897 2371 274
1911 2351 274
1924 2330 274
1938 2308 274
1952 2286 274
1966 2264 274
1980 2242 274
1995 2219 274
2010 2197 274
2025 2175 274
2040 2153 274
2056 2131 274
2072 2110 274
2088 2089 274
2104 2069 274
2120 2049 274
2137 2031 274
2154 2013 274
2171 1996 274
2188 1980 274
2205 1965 274
2223 1951 274
2240 1939 274
2258 1928 274
2276 1918 274
2294 1909 274
2312 1901 274
2330 1894 274
2347 1889 274
2365 1884 274
2383 1880 274
2400 1877 274
2417 1874 274
2433 1873 274
2450 1872 274
2466 1871 274
2481 1871 274
2496 1872 274
2511 1872 274
2525 1874 274
2538 1875 274
2551 1877 274
2563 1879 274
2574 1881 274
2584 1883 274
2594 1886 274
2603 1888 274
2611 1890 274
2618 1892 274
2624 1894 274
2628 1895 274
2632 1897 274
2635 1898 274
2637 1898 274
2637 1898 274
2637 1898 274
2635 1898 274
2633 1897 274
2630 1896 274
2625 1895 274
2620 1894 274
2614 1892 274
2607 1890 274
2600 1888 274
2591 1886 274
2582 1883 274
2572 1881 274
2562 1878 274
2551 1875 274
2539 1872 274
2527 1869 274
2514 1866 274
2500 1862 274
2487 1859 274
2472 1856 274
2457 1853 274
2442 1849 274
2427 1846 274
2411 1842 274
2395 1839 274
2378 1836 274
2361 1833 274
2344 1830 274
2327 1827 274
2310 1824 274
2293 1821 274
2275 1819 274
2258 1817 274
2241 1816 274
2224 1814 274
2207 1814 274
2190 1813 274
2174 1814 274
2158 1815 274
2142 1816 274
2127 1818 274
2112 1821 274
2098 1825 274
2085 1830 274
2072 1835 274
2059 1842 274
2048 1849 274
2037 1857 274
2027 1867 274
2019 1877 274
2011 1889 274
2004 1902 274
1998 1916 274
1993 1931 274
1989 1948 274
1987 1966 274
2209 1436 274
2195 1428 274
2182 1420 274
2168 1413 274
2155 1405 274
2142 1397 274
2129 1389 274
2117 1381 274
2104 1373 274
2091 1365 274
2079 1357 274
2067 1349 274
2054 1341 274
2042 1333 274
2030 1325 274
2018 1317 274
2006 1309 274
1995 1301 274
1983 1293 274
1971 1285 274
1960 1278 274
1948 1270 274
1937 1263 274
1926 1255 274
1914 1248 274
1903 1240 274
1892 1233 274
1881 1226 274
1870 1219 274
1859 1212 274
1848 1205 274
1837 1198 274
1826 1192 274
1815 1185 274
1804 1179 274
1793 1172 274
1782 1166 274
1771 1160 274
1760 1154 274
1749 1149 274
1738 1143 274
1727 1137 274
1716 1132 274
1705 1127 274
1694 1122 274
1683 1116 274
1672 1112 274
1661 1107 274
1650 1102 274
1639 1098 274
1628 1093 274
1617 1089 274
1606 1085 274
1595 1081 274
1584 1077 274
1573 1074 274
1562 1070 274
1550 1067 274
1539 1064 274
1528 1061 274
1517 1058 274
1505 1055 274
1494 1053 274
1482 1050 274
1471 1048 274
1459 1046 274
1448 1043 274
1436 1041 274
1425 1040 274
1413 1038 274
1401 1036 274
1390 1034 274
1378 1032 274
1366 1031 274
1355 1029 274
1343 1027 274
1331 1026 274
1320 1024 274
1308 1022 274
1296 1021 274
1285 1019 274
1273 1017 274
1262 1015 274
1250 1013 274
1239 1011 274
1227 1009 274
1216 1007 274
1204 1004 274
1193 1002 274
1181 999 274
1170 996 274
1159 994 274
1148 990 274
1137 987 274
1126 984 274
1114 981 274
1104 977 274
1093 973 274
1082 970 274
1071 966 274
1060 962 274
1050 959 274
1039 955 274
1028 951 274
1018 947 274
1008 943 274
997 940 274
987 936 274
977 933 274
967 929 274
957 926 274
947 922 274
937 919 274
928 916 274
918 913 274
909 911 274
899 908 274
890 906 274
881 904 274
872 902 274
863 900 274
854 899 274
845 897 274
836 897 274
828 896 274
820 896 274
812 896 274
804 897 274
796 898 274
789 899 274
781 901 274
774 904 274
768 907 274
762 911 274
756 915 274
750 920 274
745 926 274
740 932 274
735 940 274
731 948 274
728 956 274
724 966 274
722 976 274
719 987 274
717 1000 274
716 1013 274
715 1027 274
715 1042 274
716 1058 274
716 1075 274
718 1094 274
720 1113 274
723 1134 274
726 1155 274
730 1177 274
734 1200 274
739 1224 274
744 1249 274
749 1274 274
755 1299 274
761 1325 274
767 1351 274
774 1377 274
781 1404 274
788 1431 274
795 1457 274
802 1484 274
809 1510 274
817 1536 274
824 1562 274
831 1587 274
838 1612 274
846 1636 274
853 1659 274
859 1682 274
866 1704 274
872 1725 274
878 1745 274
884 1764 274
889 1782 274
895 1799 274
899 1814 274
903 1828 274
907 1841 274
911 1853 274
914 1864 274
918 1874 274
921 1883 274
923 1891 274
926 1898 274
929 1904 274
931 1910 274
934 1916 274
937 1921 274
939 1925 274
942 1929 274
945 1933 274
948 1936 274
952 1940 274
956 1943 274
960 1946 274
964 1949 274
969 1953 274
974 1956 274
979 1960 274
985 1964 274
992 1969 274
999 1973 274
1007 1979 274
1015 1985 274
1024 1991 274
1034 1999 274
1045 2007 274
1056 2015 274
1068 2024 274
1080 2034 274
1093 2044 274
1106 2055 274
1120 2066 274
1135 2077 274
1149 2089 274
1165 2101 274
1180 2114 274
1196 2126 274
1213 2139 274
1229 2152 274
1246 2165 274
1263 2178 274
1281 2191 274
1298 2204 274
1316 2217 274
1333 2230 274
1351 2242 274
1369 2255 274
1387 2267 274
1405 2279 274
1422 2291 274
1440 2302 274
1458 2313 274
1475 2323 274
1492 2333 274
1509 2343 274
1526 2352 274
1543 2360 274
1559 2368 274
1576 2375 274
1592 2382 274
1608 2388 274
1624 2394 274
1640 2399 274
1655 2404 274
1671 2408 274
1686 2412 274
1702 2415 274
1717 2418 274
1732 2420 274
1747 2421 274
1762 2422 274
1777 2423 274
1792 2423 274
1807 2422 274
1822 2421 274
1836 2419 274
1851 2417 274
1866 2414 274
1881 2410 274
1896 2407 274
1910 2402 274
1925 2397 274
1940 2392 274
1955 2385 274
1970 2379 274
1985 2372 274
2000 2364 274
2015 2356 274
2029 2347 274
2044 2338 274
2059 2328 274
2074 2318 274
2088 2308 274
2103 2297 274
2117 2286 274
2131 2274 274
2145 2262 274
2159 2250 274
2172 2237 274
2186 2225 274
2198 2211 274
2211 2198 274
2223 2184 274
2235 2171 274
2247 2156 274
2258 2142 274
2269 2128 274
2280 2113 274
2290 2099 274
2299 2084 274
2309 2069 274
2317 2054 274
2325 2039 274
2333 2024 274
2340 2009 274
2346 1993 274
2352 1978 274
2358 1963 274
2363 1948 274
2367 1933 274
2371 1919 274
2375 1904 274
2378 1890 274
2380 1876 274
2382 1862 274
2384 1849 274
2385 1836 274
2386 1823 274
2386 1811 274
2387 1799 274
2386 1787 274
2385 1777 274
2384 1766 274
2383 1756 274
2381 1747 274
2379 1739 274
2377 1731 274
2374 1724 274
2371 1717 274
2367 1711 274
2364 1707 274
2360 1702 274
2356 1699 274
2351 1697 274
2347 1695 274
2342 1695 274
2337 1695 274
2332 1697 274
2326 1699 274
2321 1703 274
2315 1708 274
2310 1713 274
2304 1721 274
2298 1729 274
2292 1738 274
2287 1749 274
2281 1762 274
2275 1775 274
2270 1790 274
2264 1807 274
2259 1825 274
2253 1844 274
2248 1865 274
2243 1888 274
2239 1912 274
2234 1938 274
2230 1965 274
2226 1995 274
2222 2026 274
2219 2059 274
2216 2093 274
2213 2130 274
2211 2168 274
1943 1236 274
1942 1238 274
1941 1239 274
1939 1240 274
1936 1240 274
1933 1240 274
1928 1239 274
1923 1238 274
1917 1237 274
1911 1235 274
1904 1233 274
1896 1231 274
1888 1228 274
1879 1225 274
1869 1222 274
1860 1218 274
1849 1214 274
1838 1210 274
1827 1206 274
1816 1202 274
1804 1197 274
1791 1192 274
1779 1188 274
1766 1183 274
1753 1178 274
1740 1172 274
1726 1167 274
1713 1162 274
1699 1157 274
1685 1152 274
1671 1146 274
1657 1141 274
1643 1136 274
1629 1131 274
1615 1126 274
1601 1121 274
1587 1116 274
1573 1111 274
1559 1106 274
1545 1101 274
1531 1097 274
1517 1092 274
1504 1088 274
1490 1084 274
1477 1080 274
1464 1076 274
1451 1072 274
1438 1068 274
1425 1064 274
1413 1061 274
1401 1058 274
1389 1055 274
1377 1052 274
1366 1049 274
1354 1047 274
1344 1045 274
1333 1043 274
1323 1041 274
1313 1039 274
1303 1038 274
1294 1037 274
1285 1036 274
1277 1036 274
1269 1035 274
1261 1035 274
1254 1035 274
1246 1035 274
1239 1036 274
1233 1036 274
1226 1037 274
1220 1038 274
1214 1039 274
1208 1040 274
1202 1041 274
1196 1042 274
1190 1043 274
1185 1045 274
1179 1046 274
1174 1047 274
1168 1049 274
1163 1050 274
1157 1052 274
1151 1053 274
1146 1054 274
1140 1055 274
1134 1056 274
1128 1057 274
1121 1058 274
1115 1059 274
1108 1060 274
1101 1060 274
1094 1061 274
1086 1061 274
1079 1061 274
1071 1061 274
1063 1061 274
1055 1061 274
1047 1061 274
1038 1061 274
1030 1061 274
1022 1061 274
1013 1062 274
1005 1062 274
996 1063 274
988 1064 274
979 1065 274
971 1067 274
963 1068 274
955 1071 274
947 1073 274
939 1076 274
932 1080 274
925 1084 274
918 1088 274
911 1093 274
904 1098 274
898 1104 274
892 1111 274
887 1119 274
882 1127 274
877 1135 274
873 1145 274
869 1155 274
866 1166 274
863 1177 274
860 1189 274
858 1202 274
856 1215 274
854 1229 274
853 1243 274
852 1258 274
851 1273 274
851 1288 274
851 1303 274
851 1319 274
852 1335 274
852 1351 274
853 1368 274
855 1384 274
856 1401 274
857 1418 274
859 1434 274
861 1451 274
863 1467 274
865 1484 274
868 1500 274
870 1516 274
873 1532 274
875 1548 274
878 1563 274
881 1578 274
884 1593 274
887 1607 274
890 1621 274
893 1635 274
896 1649 274
900 1662 274
903 1675 274
907 1688 274
911 1701 274
915 1714 274
920 1727 274
925 1739 274
930 1752 274
935 1764 274
940 1777 274
946 1790 274
952 1803 274
959 1816 274
966 1829 274
973 1842 274
981 1856 274
989 1869 274
998 1884 274
1007 1898 274
1016 1913 274
1026 1928 274
1036 1943 274
1047 1959 274
1059 1975 274
1071 1992 274
1084 2009 274
1097 2027 274
1111 2045 274
1125 2063 274
1140 2082 274
1155 2101 274
1170 2120 274
1186 2139 274
1202 2158 274
1218 2178 274
1235 2197 274
1252 2216 274
1269 2234 274
1286 2253 274
1303 2271 274
1320 2289 274
1337 2306 274
1355 2323 274
1372 2340 274
1389 2355 274
1406 2371 274
1423 2385 274
1440 2399 274
1456 2411 274
1473 2423 274
1489 2434 274
1504 2444 274
1520 2453 274
1535 2461 274
1549 2467 274
1564 2473 274
1577 2477 274
1591 2480 274
1604 2482 274
1616 2483 274
1629 2483 274
1640 2482 274
1652 2480 274
1663 2478 274
1674 2475 274
1685 2471 274
1695 2467 274
1706 2462 274
1716 2456 274
1725 2451 274
1735 2445 274
1744 2438 274
1754 2432 274
1763 2425 274
1772 2419 274
1781 2412 274
1790 2405 274
1798 2399 274
1807 2392 274
1816 2386 274
1824 2380 274
1833 2375 274
1842 2369 274
1850 2365 274
1859 2360 274
1868 2357 274
1877 2354 274
1886 2351 274
1895 2349 274
1904 2347 274
1913 2346 274
1922 2345 274
1931 2345 274
1940 2345 274
1950 2345 274
1959 2345 274
1968 2345 274
1978 2346 274
1987 2347 274
1996 2347 274
2006 2348 274
2015 2349 274
2025 2350 274
2034 2351 274
2044 2351 274
2053 2352 274
2063 2352 274
2073 2352 274
2082 2352 274
2092 2352 274
2101 2351 274
2111 2350 274
2120 2348 274
2130 2347 274
2139 2344 274
2149 2341 274
2158 2338 274
2168 2334 274
2177 2330 274
2186 2325 274
2196 2319 274
2205 2314 274
2214 2307 274
2222 2300 274
2231 2293 274
2239 2285 274
2247 2276 274
2255 2267 274
2263 2258 274
2270 2247 274
2277 2237 274
2284 2225 274
2290 2214 274
2296 2201 274
2302 2188 274
2307 2175 274
2312 2161 274
2316 2146 274
2320 2131 274
2324 2116 274
2327 2099 274
2329 2082 274
2331 2065 274
2333 2047 274
2334 2028 274
2334 2009 274
2334 1989 274
2333 1969 274
2331 1949 274
2330 1928 274
2327 1906 274
2324 1885 274
2321 1863 274
2317 1841 274
2313 1819 274
2308 1797 274
2303 1775 274
2298 1754 274
2292 1732 274
2286 1711 274
2280 1689 274
2273 1669 274
2266 1648 274
2258 1628 274
2251 1609 274
2243 1590 274
2234 1571 274
2226 1554 274
2217 1537 274
2209 1520 274
2200 1505 274
2190 1491 274
2181 1477 274
2172 1465 274
2162 1453 274
2152 1443 274
2143 1434 274
2133 1426 274
2123 1420 274
2113 1415 274
2103 1411 274
2093 1409 274
2084 1409 274
2074 1410 274
2065 1413 274
2055 1417 274
2046 1424 274
2037 1433 274
2029 1443 274
2020 1456 274
2012 1471 274
2004 1488 274
1997 1507 274
1990 1529 274
1983 1553 274
1977 1580 274
1971 1609 274
1966 1641 274
1961 1675 274
1956 1712 274
1952 1753 274
1949 1796 274
1946 1842 274
1944 1891 274
1786 1000 274
1787 994 274
1787 988 274
1785 983 274
1782 977 274
1778 972 274
1773 967 274
1767 962 274
1760 957 274
1751 952 274
1742 948 274
1732 944 274
1721 939 274
1709 935 274
1696 932 274
1683 928 274
1668 924 274
1653 921 274
1638 918 274
1622 915 274
1605 912 274
1588 909 274
1570 906 274
1552 904 274
1534 901 274
1515 899 274
1496 897 274
1476 895 274
1457 893 274
1437 892 274
1417 890 274
1397 888 274
1377 887 274
1356 886 274
1336 885 274
1316 884 274
1296 883 274
1276 883 274
1256 882 274
1236 882 274
1216 882 274
1197 881 274
1177 882 274
1158 882 274
1139 882 274
1121 883 274
1102 883 274
1084 884 274
1067 885 274
1049 886 274
1032 887 274
1016 889 274
1000 890 274
984 892 274
969 894 274
955 896 274
941 898 274
928 901 274
915 903 274
903 906 274
891 909 274
881 912 274
871 915 274
861 918 274
852 922 274
844 926 274
837 930 274
830 934 274
823 938 274
817 943 274
812 948 274
807 953 274
802 958 274
798 964 274
794 970 274
791 976 274
788 982 274
786 989 274
783 996 274
782 1003 274
780 1011 274
779 1019 274
777 1027 274
777 1036 274
776 1045 274
775 1054 274
775 1064 274
775 1074 274
775 1084 274
775 1095 274
775 1106 274
775 1118 274
776 1130 274
776 1142 274
776 1154 274
777 1167 274
777 1181 274
778 1194 274
779 1208 274
780 1222 274
781 1237 274
782 1251 274
783 1266 274
784 1281 274
786 1296 274
787 1312 274
789 1327 274
791 1343 274
793 1359 274
795 1375 274
797 1391 274
799 1407 274
802 1424 274
805 1440 274
808 1457 274
811 1473 274
814 1489 274
818 1506 274
821 1522 274
825 1539 274
829 1555 274
833 1572 274
838 1588 274
843 1604 274
847 1620 274
852 1636 274
857 1652 274
863 1668 274
868 1683 274
874 1699 274
879 1714 274
885 1729 274
891 1744 274
897 1758 274
903 1773 274
909 1787 274
915 1800 274
921 1814 274
927 1827 274
933 1840 274
939 1852 274
946 1865 274
952 1876 274
958 1888 274
964 1899 274
970 1910 274
976 1920 274
982 1930 274
987 1939 274
993 1948 274
999 1956 274
1004 1964 274
1009 1972 274
1015 1979 274
1020 1985 274
1025 1992 274
1031 1998 274
1036 2004 274
1042 2010 274
1047 2015 274
1053 2021 274
1059 2026 274
1065 2032 274
1072 2038 274
1078 2043 274
1085 2049 274
1093 2055 274
1101 2061 274
1109 2068 274
1117 2075 274
1127 2082 274
1136 2090 274
1146 2098 274
1157 2107 274
1168 2117 274
1180 2127 274
1193 2137 274
1206 2149 274
1220 2161 274
1235 2174 274
1250 2187 274
1266 2202 274
1283 2217 274
1301 2234 274
1320 2250 274
1339 2268 274
1358 2286 274
1378 2304 274
1398 2323 274
1419 2342 274
1440 2361 274
1462 2380 274
1484 2400 274
1505 2419 274
1527 2438 274
1549 2457 274
1571 2476 274
1593 2495 274
1615 2513 274
1637 2530 274
1658 2547 274
1680 2563 274
1700 2579 274
1721 2594 274
1741 2607 274
1761 2620 274
1780 2632 274
1799 2643 274
1817 2652 274
1834 2660 274
1850 2667 274
1866 2673 274
1881 2677 274
1895 2680 274
1909 2681 274
1922 2682 274
1934 2681 274
1946 2679 274
1957 2677 274
1968 2673 274
1979 2669 274
1989 2664 274
1999 2659 274
2008 2652 274
2017 2646 274
2026 2639 274
2035 2631 274
2044 2623 274
2052 2615 274
2061 2607 274
2069 2599 274
2078 2591 274
2087 2582 274
2095 2574 274
2104 2566 274
2113 2559 274
2123 2551 274
2132 2545 274
2142 2538 274
2153 2532 274
2163 2527 274
2175 2523 274
2186 2519 274
2198 2516 274
2210 2513 274
2223 2511 274
2236 2509 274
2249 2507 274
2262 2506 274
2276 2505 274
2289 2505 274
2303 2504 274
2317 2504 274
2331 2504 274
2345 2504 274
2359 2504 274
2372 2504 274
2386 2503 274
2400 2503 274
2413 2502 274
2426 2501 274
2439 2500 274
2452 2498 274
2464 2496 274
2476 2493 274
2488 2490 274
2499 2486 274
2510 2482 274
2520 2477 274
2530 2471 274
2539 2464 274
2548 2457 274
2556 2449 274
2564 2440 274
2571 2430 274
2577 2419 274
2583 2408 274
2589 2396 274
2593 2383 274
2598 2369 274
2601 2355 274
2604 2340 274
2607 2324 274
2608 2308 274
2610 2290 274
2611 2273 274
2611 2254 274
2610 2235 274
2609 2216 274
2608 2196 274
2606 2175 274
2603 2154 274
2600 2132 274
2596 2110 274
2592 2087 274
2587 2063 274
2582 2039 274
2576 2015 274
2569 1990 274
2562 1965 274
2554 1939 274
2546 1913 274
2537 1887 274
2528 1860 274
2518 1833 274
2508 1806 274
2497 1778 274
2486 1751 274
2475 1723 274
2463 1696 274
2450 1669 274
2438 1642 274
2425 1615 274
2411 1588 274
2398 1562 274
2384 1536 274
2370 1511 274
2355 1486 274
2340 1462 274
2326 1439 274
2310 1416 274
2295 1394 274
2280 1372 274
2264 1352 274
2249 1333 274
2233 1314 274
2217 1297 274
2202 1281 274
2186 1266 274
2170 1252 274
2154 1239 274
2138 1228 274
2123 1219 274
2107 1211 274
2091 1204 274
2076 1199 274
2061 1196 274
2046 1194 274
2031 1194 274
2016 1196 274
2001 1200 274
1987 1206 274
1973 1214 274
1959 1225 274
1946 1237 274
1932 1252 274
1920 1269 274
1907 1288 274
1895 1310 274
1883 1334 274
1872 1361 274
1861 1391 274
1851 1423 274
1841 1458 274
1831 1496 274
1822 1537 274
1814 1581 274
1806 1627 274
1799 1677 274
1792 1730 274
1984 877 274
1983 865 274
1979 854 274
1973 843 274
1966 833 274
1956 822 274
1945 812 274
1932 803 274
1918 794 274
1902 785 274
1885 776 274
1866 767 274
1845 759 274
1824 751 274
1801 744 274
1777 736 274
1753 729 274
1727 722 274
1700 716 274
1672 709 274
1644 703 274
1615 698 274
1585 692 274
1555 687 274
1524 681 274
1493 677 274
1461 672 274
1430 667 274
1398 663 274
1365 659 274
1333 655 274
1301 651 274
1269 648 274
1236 645 274
1204 642 274
1172 639 274
1141 636 274
1109 633 274
1078 631 274
1047 629 274
1017 627 274
986 625 274
957 624 274
928 622 274
899 621 274
871 620 274
843 619 274
816 618 274
790 618 274
764 618 274
739 617 274
715 617 274
692 618 274
670 618 274
648 619 274
628 619 274
609 620 274
590 621 274
573 623 274
556 624 274
541 626 274
527 628 274
515 630 274
503 632 274
492 634 274
482 637 274
474 639 274
466 642 274
459 646 274
453 649 274
447 653 274
442 657 274
438 661 274
435 665 274
432 670 274
430 675 274
428 681 274
426 686 274
425 692 274
424 698 274
423 705 274
423 712 274
423 719 274
422 727 274
422 735 274
422 743 274
422 752 274
422 761 274
422 770 274
421 780 274
421 790 274
420 801 274
418 812 274
417 823 274
415 835 274
414 847 274
412 860 274
410 873 274
408 887 274
406 901 274
405 915 274
403 930 274
402 945 274
400 961 274
399 977 274
398 994 274
398 1011 274
398 1028 274
398 1046 274
398 1064 274
399 1083 274
401 1102 274
403 1122 274
405 1142 274
408 1162 274
412 1183 274
417 1205 274
422 1226 274
428 1249 274
434 1272 274
442 1295 274
450 1318 274
459 1343 274
469 1367 274
480 1392 274
492 1418 274
504 1444 274
517 1471 274
531 1498 274
546 1526 274
561 1555 274
577 1584 274
594 1613 274
611 1644 274
629 1674 274
648 1706 274
667 1738 274
687 1771 274
708 1805 274
729 1839 274
750 1874 274
772 1910 274
795 1946 274
818 1983 274
842 2021 274
866 2060 274
891 2100 274
916 2140 274
941 2181 274
967 2223 274
994 2266 274
1020 2310 274
1047 2355 274
1075 2400 274
1102 2446 274
1130 2492 274
1158 2538 274
1185 2585 274
1213 2632 274
1240 2679 274
1268 2726 274
1295 2773 274
1321 2820 274
1348 2866 274
1373 2912 274
1399 2958 274
1423 3002 274
1447 3046 274
1471 3090 274
1493 3132 274
1515 3173 274
1536 3213 274
1556 3252 274
1574 3289 274
1592 3325 274
1609 3360 274
1624 3393 274
1638 3424 274
1650 3453 274
1661 3481 274
1671 3506 274
1679 3529 274
1686 3550 274
1691 275 274
1696 292 274
1699 307 274
1701 321 274
1703 333 274
1704 343 274
1705 352 274
1706 359 274
1706 365 274
1707 369 274
1707 372 274
1708 374 274
1709 375 274
1711 375 274
1714 374 274
1718 372 274
1722 369 274
1728 365 274
1735 361 274
1744 356 274
1754 350 274
1766 344 274
1780 337 274
1796 331 274
1814 323 274
1834 316 274
1857 309 274
1882 301 274
1910 294 274
1941 286 274
1974 279 274
2010 3567 274
2047 3560 274
2087 3554 274
2128 3548 274
2170 3543 274
2214 3538 274
2259 3534 274
2305 3531 274
2352 3528 274
2400 3527 274
2448 3526 274
2497 3526 274
2545 3527 274
2594 3530 274
2642 3534 274
2690 3539 274
2738 3545 274
2784 3553 274
2830 3562 274
2875 278 274
2918 291 274
2960 305 274
3000 321 274
3039 339 274
3076 359 274
3110 381 274
3142 405 274
3172 431 274
3199 459 274
3225 489 274
3247 521 274
3268 554 274
3287 589 274
3304 624 274
3319 661 274
3332 699 274
3344 738 274
3354 778 274
3362 818 274
3369 859 274
3375 899 274
3380 940 274
3383 981 274
3386 1022 274
3388 1062 274
3388 1102 274
3389 1141 274
3388 1180 274
3387 1218 274
3385 1254 274
3383 1290 274
3381 1324 274
3379 1356 274
3376 1387 274
3374 1416 274
3372 1444 274
3369 1469 274
3367 1492 274
3366 1513 274
3364 1532 274
3363 1549 274
3362 1564 274
3361 1577 274
3360 1588 274
3359 1597 274
3358 1605 274
3357 1611 274
3356 1616 274
3355 1619 274
3353 1621 274
3352 1621 274
3350 1620 274
3349 1618 274
3346 1615 274
3344 1611 274
3341 1605 274
3338 1599 274
3335 1592 274
3331 1584 274
3326 1575 274
3321 1565 274
3316 1555 274
3310 1545 274
3303 1533 274
3295 1522 274
3287 1510 274
3279 1497 274
3269 1485 274
3259 1472 274
3248 1459 274
3236 1446 274
3224 1434 274
3211 1421 274
3197 1408 274
3183 1395 274
3168 1382 274
3152 1370 274
3136 1358 274
3119 1346 274
3102 1334 274
3084 1323 274
3065 1312 274
3046 1302 274
3027 1293 274
3006 1284 274
2986 1275 274
2964 1268 274
2943 1261 274
2921 1255 274
2898 1249 274
2875 1245 274
2851 1241 274
2827 1239 274
2803 1237 274
2778 1237 274
2753 1238 274
2728 1240 274
2702 1243 274
2676 1247 274
2649 1253 274
2623 1260 274
2596 1268 274
2569 1278 274
2542 1289 274
2514 1302 274
2487 1316 274
2460 1331 274
2433 1348 274
2406 1366 274
2379 1386 274
2352 1408 274
2326 1431 274
2300 1456 274
2274 1482 274
2248 1510 274
2223 1539 274
2198 1571 274
2174 1604 274
2150 1639 274
2127 1676 274
2105 1714 274
2083 1754 274
2062 1797 274
2041 1841 274
2021 1887 274
2003 1935 274
2600 899 274
2552 848 274
2505 800 274
2459 756 274
2412 715 274
2366 677 274
2320 642 274
2274 611 274
2228 582 274
2183 555 274
2138 532 274
2093 511 274
2049 492 274
2005 475 274
1961 461 274
1918 448 274
1875 437 274
1832 428 274
1790 421 274
1748 415 274
1706 411 274
1665 408 274
1625 406 274
1585 405 274
1545 405 274
1506 406 274
1467 407 274
1429 409 274
1391 412 274
1354 415 274
1318 418 274
1282 421 274
1246 424 274
1212 427 274
1177 430 274
1144 433 274
1111 437 274
1078 439 274
1047 442 274
1016 445 274
985 447 274
955 449 274
926 451 274
897 452 274
870 454 274
842 454 274
816 455 274
790 455 274
765 454 274
740 453 274
717 451 274
694 449 274
672 446 274
650 442 274
629 438 274
609 433 274
590 427 274
572 421 274
554 413 274
537 405 274
521 396 274
505 386 274
491 375 274
477 364 274
464 352 274
451 340 274
440 327 274
429 315 274
418 303 274
408 291 274
399 280 274
390 3564 274
382 3554 274
374 3546 274
367 3538 274
360 3531 274
353 3526 274
347 3523 274
341 3521 274
336 3521 274
331 3524 274
326 3528 274
321 3535 274
317 3544 274
313 3556 274
309 277 274
305 294 274
301 316 274
297 340 274
294 368 274
290 399 274
286 435 274
283 474 274
279 516 274
276 561 274
3567 609 274
3563 659 274
3559 712 274
3555 767 274
3551 824 274
3547 882 274
3543 942 274
3538 1002 274
3534 1064 274
3529 1126 274
3524 1188 274
3519 1251 274
3514 1313 274
3508 1375 274
3502 1436 274
3496 1496 274
3490 1556 274
3483 1613 274
3476 1670 274
3469 1724 274
3461 1776 274
3453 1826 274
3445 1873 274
3436 1917 274
3427 1958 274
3417 1995 274
3407 2030 274
3397 2060 274
3386 2087 274
3376 2111 274
3365 2131 274
3355 2148 274
3345 2162 274
3335 2172 274
3325 2180 274
3316 2184 274
3308 2186 274
3301 2185 274
3294 2180 274
3289 2174 274
3284 2164 274
3281 2152 274
3279 2137 274
3278 2120 274
3279 2101 274
3282 2079 274
3287 2055 274
3293 2029 274
3301 2000 274
3312 1970 274
3324 1937 274
3339 1903 274
3356 1867 274
3376 1829 274
3398 1789 274
3423 1748 274
3451 1705 274
3482 1661 274
3515 1616 274
3550 1569 274
293 1521 274
332 1473 274
374 1423 274
416 1374 274
461 1323 274
506 1273 274
552 1222 274
600 1172 274
648 1121 274
696 1071 274
745 1021 274
794 972 274
843 924 274
892 876 274
940 830 274
988 785 274
1035 741 274
1081 698 274
1126 657 274
1169 618 274
1212 580 274
1252 545 274
1291 512 274
1328 481 274
1362 452 274
1394 426 274
1424 403 274
1451 383 274
1475 365 274
1497 349 274
1517 336 274
1534 325 274
1550 316 274
1562 309 274
1573 304 274
1581 300 274
1587 299 274
1592 299 274
1594 300 274
1593 303 274
1591 307 274
1587 312 274
1582 318 274
1574 325 274
1564 333 274
1553 342 274
1540 351 274
1525 361 274
1508 371 274
1490 382 274
1470 392 274
1449 403 274
1426 414 274
1401 424 274
1376 435 274
1348 445 274
1320 454 274
1290 463 274
1259 472 274
1227 481 274
1194 489 274
1160 497 274
1126 504 274
1091 511 274
1055 519 274
1019 525 274
983 532 274
946 539 274
909 546 274
873 552 274
836 559 274
800 565 274
764 572 274
729 579 274
694 585 274
659 592 274
626 599 274
593 607 274
561 614 274
531 622 274
501 630 274
473 638 274
446 647 274
421 656 274
397 666 274
375 676 274
355 686 274
337 697 274
320 709 274
305 720 274
291 732 274
279 745 274
3563 758 274
3553 771 274
3545 784 274
3538 798 274
3532 812 274
3527 826 274
3523 841 274
3520 855 274
3517 870 274
3515 885 274
3515 900 274
3514 915 274
3514 930 274
3515 945 274
3516 960 274
3517 976 274
3519 991 274
3520 1006 274
3522 1021 274
3524 1036 274
3525 1051 274
3527 1065 274
3528 1080 274
3530 1094 274
3530 1108 274
3531 1122 274
3531 1136 274
3531 1149 274
3531 1163 274
3530 1175 274
3529 1188 274
3528 1200 274
3527 1212 274
3526 1224 274
3524 1235 274
3523 1246 274
3521 1256 274
3519 1266 274
3518 1276 274
3516 1285 274
3514 1294 274
3512 1302 274
3511 1310 274
3509 1317 274
3507 1324 274
3506 1330 274
3504 1336 274
3503 1341 274
3502 1345 274
3501 1349 274
3501 1353 274
3500 1355 274
3500 1357 274
3500 1359 274
3501 1360 274
3501 1360 274
3502 1359 274
3503 1358 274
3505 1357 274
3506 1356 274
3507 1354 274
3509 1352 274
3510 1349 274
3511 1347 274
3513 1345 274
3514 1342 274
3515 1340 274
3516 1338 274
3517 1336 274
3517 1334 274
3517 1333 274
3517 1332 274
3516 1332 274
3515 1332 274
3514 1333 274
3512 1334 274
3509 1337 274
3506 1340 274
3503 1343 274
3498 1348 274
3493 1354 274
3488 1361 274
3481 1369 274
3474 1378 274
3466 1388 274
3457 1400 274
3448 1413 274
3437 1428 274
3425 1444 274
3412 1462 274
3398 1481 274
3382 1503 274
3366 1526 274
3348 1551 274
3328 1578 274
3307 1608 274
3284 1640 274
3260 1674 274
3234 1710 274
3206 1749 274
3177 1790 274
3146 1834 274
3112 1881 274
3077 1931 274
3039 1983 274
3000 2039 274
2958 2097 274
2914 2159 274
2868 2224 274
2819 2292 274
2768 2364 274
2715 2439 274
2658 2517 274
423 1595 274
317 1612 274
3510 1628 274
3414 1644 274
3322 1659 274
3235 1674 274
3152 1688 274
3073 1701 274
2999 1714 274
2928 1726 274
2862 1737 274
2799 1749 274
2740 1759 274
2685 1769 274
2633 1779 274
2584 1788 274
2539 1797 274
2497 1806 274
2458 1814 274
2422 1822 274
2388 1829 274
2357 1836 274
2329 1843 274
2303 1849 274
2280 1855 274
2259 1861 274
2239 1867 274
2222 1872 274
2207 1877 274
2193 1883 274
2181 1887 274
2170 1892 274
2161 1897 274
2153 1901 274
2147 1905 274
2142 1909 274
2137 1913 274
2134 1917 274
2132 1921 274
2130 1924 274
2130 1927 274
2130 1930 274
2130 1933 274
2132 1936 274
2133 1939 274
2135 1941 274
2137 1944 274
2140 1946 274
2143 1948 274
2145 1950 274
2148 1951 274
2150 1953 274
2153 1954 274
2155 1955 274
2156 1956 274
2158 1957 274
2158 1958 274
2158 1958 274
2158 1959 274
2156 1959 274
2154 1959 274
2151 1959 274
2147 1958 274
2142 1958 274
2136 1957 274
2130 1956 274
2123 1954 274
2115 1952 274
2106 1950 274
2097 1947 274
2088 1944 274
2077 1940 274
2067 1936 274
2055 1931 274
2044 1926 274
2032 1920 274
2019 1914 274
2006 1906 274
1994 1898 274
1980 1890 274
1967 1880 274
1953 1870 274
1940 1859 274
1926 1847 274
1912 1834 274
1899 1820 274
1885 1805 274
1871 1789 274
1858 1773 274
1844 1755 274
1831 1736 274
1818 1716 274
1806 1694 274
1793 1672 274
1781 1649 274
1769 1625 274
1757 1601 274
1746 1576 274
1734 1550 274
1723 1524 274
1713 1497 274
1702 1470 274
1691 1442 274
1681 1415 274
1671 1387 274
1661 1359 274
1652 1332 274
1642 1304 274
1633 1277 274
1624 1250 274
1615 1223 274
1607 1196 274
1598 1171 274
1590 1145 274
1582 1121 274
1574 1097 274
1566 1074 274
1559 1052 274
1551 1030 274
1544 1010 274
1537 991 274
1530 973 274
1524 957 274
1517 941 274
1511 927 274
1505 913 274
1498 901 274
1492 890 274
1487 879 274
1481 870 274
1475 861 274
1470 853 274
1464 846 274
1459 840 274
1454 834 274
1449 829 274
1443 825 274
1438 821 274
1434 818 274
1429 816 274
1424 814 274
1419 812 274
1414 811 274
1409 811 274
1405 810 274
1400 810 274
1395 811 274
1391 811 274
1386 812 274
1381 813 274
1376 814 274
1372 815 274
1367 816 274
1362 818 274
1357 819 274
1353 820 274
1348 822 274
1344 823 274
1339 825 274
1335 826 274
1331 828 274
1326 829 274
1322 831 274
1319 832 274
1315 833 274
1312 834 274
1308 835 274
1305 836 274
1303 837 274
1300 838 274
1298 838 274
1296 839 274
1294 839 274
1293 839 274
1292 838 274
1292 838 274
1291 837 274
1292 836 274
1292 835 274
1293 833 274
1294 831 274
1296 829 274
1299 826 274
1301 824 274
1304 821 274
1307 818 274
1311 815 274
1315 812 274
1319 809 274
1323 807 274
1328 805 274
1332 802 274
1337 801 274
1341 799 274
1346 799 274
1351 798 274
1355 798 274
1360 799 274
1364 801 274
1369 803 274
1373 807 274
1377 811 274
1381 816 274
1384 822 274
1387 829 274
1390 837 274
1393 846 274
1395 857 274
1397 869 274
1398 882 274
1399 897 274
1399 913 274
1399 931 274
1398 950 274
1397 970 274
1396 992 274
1394 1014 274
1392 1038 274
1389 1062 274
1387 1088 274
1384 1114 274
1381 1141 274
1377 1169 274
1374 1197 274
1371 1226 274
1368 1256 274
1364 1285 274
1361 1316 274
1358 1346 274
1354 1377 274
1351 1407 274
1349 1438 274
1346 1469 274
1344 1499 274
1341 1529 274
1340 1560 274
1338 1589 274
1337 1619 274
1337 1648 274
1336 1676 274
1337 1704 274
1337 1731 274
1339 1757 274
1341 1783 274
1343 1808 274
1345 1832 274
1349 1855 274
1352 1878 274
1356 1899 274
1360 1920 274
1364 1940 274
1369 1960 274
1374 1978 274
1379 1995 274
1385 2012 274
1391 2028 274
1397 2042 274
1403 2056 274
1409 2069 274
1415 2081 274
1421 2091 274
1428 2101 274
1434 2110 274
1440 2117 274
1447 2124 274
1453 2129 274
1460 2134 274
1466 2137 274
1472 2139 274
1478 2140 274
1484 2140 274
1489 2138 274
1495 2136 274
1500 2132 274
1505 2128 274
1510 2122 274
1514 2116 274
1518 2108 274
1522 2100 274
1525 2092 274
1528 2082 274
1531 2072 274
1533 2062 274
1534 2051 274
1535 2040 274
1535 2029 274
1535 2017 274
1534 2005 274
1533 1993 274
1531 1981 274
1528 1969 274
1524 1957 274
1520 1945 274
1515 1933 274
1509 1922 274
1502 1911 274
1495 1900 274
1486 1890 274
1477 1880 274
1466 1871 274
1455 1862 274
1443 1854 274
1430 1847 274
1415 1840 274
1400 1834 274
1384 1828 274
1368 1823 274
1350 1818 274
1332 1814 274
1313 1809 274
1294 1805 274
1274 1801 274
1253 1797 274
1232 1793 274
1210 1789 274
1188 1785 274
1165 1781 274
1142 1776 274
1119 1772 274
1095 1767 274
1071 1761 274
1047 1755 274
1023 1749 274
999 1742 274
974 1735 274
950 1726 274
925 1717 274
900 1708 274
876 1697 274
851 1686 274
827 1674 274
803 1660 274
779 1646 274
755 1630 274
732 1613 274
709 1595 274
686 1575 274
664 1554 274
643 1531 274
622 1507 274
602 1480 274
582 1452 274
564 1421 274
546 1389 274
529 1354 274
513 1317 274
498 1277 274
484 1236 274
471 1191 274
459 1144 274
449 1094 274
439 1041 274
431 985 274
425 927 274
420 865 274
416 800 274
414 731 274
414 659 274
415 584 274
418 505 274
2155 1722 274
2148 1723 274
2141 1724 274
2134 1725 274
2128 1726 274
2122 1728 274
2117 1729 274
2112 1730 274
2107 1732 274
2103 1733 274
2099 1735 274
2096 1737 274
2092 1738 274
2090 1740 274
2087 1743 274
2085 1745 274
2083 1747 274
2082 1750 274
2080 1753 274
2080 1756 274
2079 1759 274
2079 1762 274
2079 1765 274
2079 1769 274
2079 1773 274
2080 1777 274
2081 1781 274
2082 1786 274
2084 1790 274
2086 1795 274
2088 1801 274
2090 1806 274
2092 1812 274
2095 1818 274
2097 1824 274
2100 1830 274
2104 1837 274
2107 1844 274
2110 1851 274
2114 1858 274
2118 1865 274
2121 1873 274
2125 1881 274
2129 1889 274
2134 1897 274
2138 1905 274
2142 1914 274
2147 1923 274
2151 1931 274
2156 1940 274
2160 1949 274
2165 1959 274
2170 1968 274
2174 1977 274
2179 1987 274
2184 1997 274
2189 2006 274
2194 2016 274
2198 2026 274
2203 2036 274
2208 2046 274
2212 2057 274
2217 2067 274
2222 2077 274
2226 2087 274
2231 2097 274
2235 2108 274
2239 2118 274
2243 2127 274
2248 2137 274
2252 2147 274
2256 2156 274
2260 2165 274
2263 2174 274
2267 2183 274
2271 2191 274
2274 2199 274
2278 2206 274
2281 2213 274
2284 2220 274
2287 2226 274
2290 2232 274
2292 2237 274
2295 2242 274
2297 2246 274
2299 2250 274
2302 2253 274
2303 2255 274
2305 2257 274
2307 2258 274
2308 2258 274
2309 2257 274
2310 2256 274
2311 2254 274
2312 2252 274
2312 2248 274
2312 2245 274
2312 2241 274
2312 2236 274
2312 2231 274
2311 2226 274
2311 2221 274
2310 2215 274
2309 2209 274
2308 2203 274
2307 2197 274
2305 2191 274
2304 2185 274
2302 2179 274
2300 2173 274
2298 2167 274
2296 2161 274
2294 2156 274
2292 2151 274
2289 2146 274
2286 2142 274
2284 2138 274
2281 2135 274
2278 2132 274
2275 2130 274
2271 2128 274
2268 2127 274
2264 2127 274
2261 2127 274
2257 2128 274
2253 2129 274
2248 2131 274
2244 2133 274
2239 2135 274
2233 2137 274
2228 2140 274
2222 2142 274
2215 2144 274
2209 2147 274
2201 2149 274
2194 2151 274
2185 2152 274
2177 2154 274
2167 2155 274
2157 2155 274
2147 2155 274
2136 2154 274
2124 2153 274
2111 2151 274
2098 2148 274
2084 2144 274
2070 2139 274
2054 2133 274
2038 2126 274
2021 2119 274
2003 2109 274
1984 2099 274
1964 2087 274
1944 2075 274
1923 2061 274
1901 2045 274
1879 2029 274
1857 2011 274
1834 1992 274
1811 1973 274
1788 1951 274
1765 1929 274
1742 1906 274
1719 1882 274
1696 1856 274
1674 1829 274
1652 1802 274
1631 1773 274
1610 1743 274
1590 1713 274
1570 1681 274
1552 1648 274
1534 1614 274
1517 1579 274
1502 1544 274
1487 1507 274
1474 1469 274
1463 1431 274
1452 1391 274
1443 1351 274
1436 1310 274
1431 1268 274
1427 1225 274
1424 1182 274
1423 1138 274
1424 1095 274
1426 1051 274
1429 1008 274
1433 966 274
1438 924 274
1445 883 274
1452 844 274
1460 806 274
1469 770 274
1479 735 274
1489 702 274
1500 672 274
1511 644 274
1523 619 274
1535 597 274
1547 577 274
1560 561 274
1573 549 274
1585 540 274
1598 535 274
1610 534 274
1622 538 274
1634 546 274
1646 559 274
1657 577 274
1668 600 274
1678 628 274
1688 661 274
1697 699 274
1705 741 274
1713 787 274
1721 837 274
1728 890 274
1734 946 274
1740 1004 274
1746 1065 274
1751 1127 274
1755 1191 274
1760 1257 274
1763 1323 274
1767 1389 274
1770 1456 274
1772 1522 274
1775 1588 274
1777 1653 274
1778 1717 274
1779 1778 274
1780 1838 274
1781 1896 274
1781 1951 274
1781 2003 274
1781 2052 274
1781 2096 274
1780 2137 274
1779 2174 274
1778 2205 274
1776 2232 274
1775 2253 274
1773 2270 274
1771 2283 274
1769 2291 274
1767 2296 274
1765 2297 274
1762 2294 274
1759 2288 274
1757 2279 274
1754 2268 274
1751 2254 274
1748 2237 274
1744 2219 274
1741 2199 274
1738 2177 274
1734 2154 274
1731 2130 274
1728 2106 274
1724 2080 274
1721 2055 274
1717 2029 274
1713 2003 274
1710 1978 274
1706 1953 274
1703 1929 274
1699 1907 274
1696 1885 274
1692 1866 274
1689 1848 274
1686 1832 274
1682 1818 274
1679 1806 274
1676 1795 274
1673 1787 274
1669 1780 274
1666 1775 274
1662 1771 274
1658 1769 274
1655 1768 274
1651 1768 274
1646 1769 274
1642 1772 274
1637 1776 274
1632 1780 274
1627 1785 274
1621 1792 274
1615 1798 274
1609 1806 274
1602 1814 274
1595 1823 274
1588 1832 274
1580 1841 274
1571 1850 274
1562 1860 274
1553 1869 274
1542 1879 274
1532 1889 274
1520 1898 274
1508 1907 274
1496 1916 274
1483 1925 274
1469 1933 274
1455 1941 274
1440 1948 274
1425 1956 274
1410 1963 274
1395 1969 274
1379 1975 274
1364 1981 274
1348 1987 274
1333 1992 274
1318 1997 274
1303 2002 274
1288 2006 274
1274 2011 274
1260 2014 274
1247 2018 274
1234 2021 274
1222 2024 274
1210 2026 274
1199 2028 274
1189 2030 274
1180 2032 274
1172 2033 274
1166 2034 274
1160 2035 274
1155 2035 274
1152 2035 274
1150 2035 274
1149 2034 274
1150 2034 274
1152 2033 274
1156 2032 274
1162 2030 274
1169 2029 274
1179 2028 274
1191 2027 274
1204 2026 274
1220 2026 274
1239 2025 274
1259 2026 274
1283 2026 274
1309 2027 274
1337 2028 274
1369 2031 274
1403 2033 274
1440 2037 274
1481 2041 274
1524 2046 274
1571 2052 274
1621 2059 274
1675 2067 274
1732 2076 274
1793 2086 274
1858 2097 274
1926 2110 274
1998 2124 274
2075 2139 274
1524 910 274
1498 884 274
1474 860 274
1451 839 274
1429 821 274
1407 804 274
1387 789 274
1368 777 274
1349 766 274
1331 757 274
1314 750 274
1298 745 274
1283 741 274
1268 738 274
1254 737 274
1240 737 274
1228 738 274
1215 740 274
1204 743 274
1192 747 274
1182 752 274
1171 757 274
1161 763 274
1152 769 274
1143 776 274
1134 783 274
1125 791 274
1117 798 274
1109 806 274
1101 813 274
1093 821 274
1086 828 274
1078 835 274
1071 841 274
1063 847 274
1056 853 274
1049 859 274
1042 864 274
1035 869 274
1028 873 274
1021 877 274
1014 881 274
1007 884 274
1000 887 274
993 890 274
986 892 274
979 893 274
971 894 274
964 895 274
957 895 274
950 894 274
942 893 274
934 892 274
927 889 274
919 887 274
911 883 274
903 879 274
895 874 274
886 869 274
877 863 274
869 857 274
860 849 274
850 841 274
841 833 274
832 825 274
822 816 274
813 807 274
803 799 274
794 790 274
784 782 274
775 775 274
766 768 274
757 762 274
748 756 274
740 752 274
731 749 274
724 748 274
716 747 274
709 749 274
702 752 274
696 756 274
691 763 274
686 772 274
681 783 274
677 797 274
674 813 274
671 831 274
669 853 274
668 877 274
668 904 274
669 935 274
670 968 274
672 1005 274
675 1045 274
679 1087 274
683 1131 274
688 1177 274
694 1225 274
700 1275 274
707 1326 274
714 1378 274
722 1430 274
730 1483 274
738 1536 274
747 1590 274
755 1643 274
764 1695 274
773 1747 274
782 1797 274
792 1847 274
801 1894 274
810 1940 274
819 1984 274
828 2025 274
837 2064 274
845 2100 274
854 2133 274
862 2163 274
869 2189 274
877 2211 274
883 2229 274
890 2243 274
895 2253 274
901 2258 274
906 2260 274
910 2259 274
915 2254 274
919 2246 274
922 2236 274
926 2223 274
929 2207 274
932 2190 274
936 2170 274
939 2149 274
942 2127 274
945 2103 274
948 2078 274
951 2052 274
954 2026 274
957 2000 274
961 1973 274
965 1947 274
969 1921 274
973 1895 274
978 1871 274
983 1847 274
988 1825 274
994 1804 274
1001 1785 274
1007 1767 274
1015 1752 274
1023 1739 274
1031 1729 274
1040 1721 274
1049 1714 274
1058 1710 274
1068 1707 274
1077 1706 274
1087 1706 274
1096 1708 274
1105 1712 274
1114 1716 274
1122 1722 274
1130 1728 274
1137 1735 274
1143 1743 274
1149 1752 274
1154 1761 274
1158 1770 274
1160 1780 274
1162 1790 274
1162 1799 274
1161 1809 274
1159 1818 274
1155 1827 274
1149 1836 274
1142 1844 274
1133 1851 274
1122 1857 274
1109 1862 274
1094 1867 274
1076 1870 274
1057 1872 274
1036 1873 274
1014 1873 274
991 1872 274
966 1870 274
940 1868 274
914 1865 274
888 1861 274
861 1856 274
834 1852 274
808 1847 274
782 1841 274
756 1836 274
732 1830 274
709 1824 274
687 1818 274
666 1812 274
648 1806 274
631 1801 274
617 1796 274
605 1791 274
596 1787 274
589 1783 274
586 1780 274
586 1777 274
590 1776 274
597 1775 274
608 1775 274
624 1776 274
644 1777 274
668 1780 274
696 1784 274
728 1789 274
762 1795 274
801 1801 274
842 1808 274
885 1816 274
931 1825 274
979 1834 274
1029 1843 274
1080 1853 274
1133 1864 274
1187 1875 274
1241 1886 274
1296 1897 274
1351 1909 274
1407 1921 274
1462 1933 274
1516 1945 274
1570 1957 274
1623 1969 274
1674 1980 274
1724 1992 274
1772 2004 274
1818 2015 274
1861 2026 274
1902 2037 274
1940 2047 274
1976 2057 274
2007 2066 274
2036 2075 274
2061 2083 274
2083 2091 274
2103 2098 274
2120 2105 274
2134 2111 274
2146 2117 274
2156 2122 274
2164 2127 274
2170 2132 274
2173 2136 274
2176 2140 274
2176 2143 274
2175 2146 274
2173 2148 274
2170 2150 274
2166 2152 274
2161 2153 274
2156 2153 274
2149 2154 274
2143 2154 274
2136 2153 274
2129 2153 274
2122 2152 274
2115 2150 274
2109 2148 274
2103 2146 274
2097 2144 274
2092 2141 274
2088 2138 274
2085 2134 274
2083 2130 274
2081 2126 274
2080 2121 274
2080 2116 274
2080 2111 274
2081 2105 274
2083 2098 274
2085 2092 274
2088 2084 274
2091 2076 274
2094 2068 274
2098 2059 274
2102 2050 274
2107 2040 274
2111 2029 274
2116 2018 274
2121 2007 274
2127 1994 274
2132 1981 274
2137 1968 274
2143 1953 274
2148 1938 274
2154 1923 274
2159 1906 274
2164 1889 274
2169 1871 274
2174 1853 274
2179 1833 274
2183 1813 274
2187 1792 274
2191 1771 274
2195 1749 274
2198 1726 274
2201 1703 274
2203 1679 274
2205 1655 274
2207 1631 274
2208 1606 274
2209 1581 274
2209 1557 274
2209 1532 274
2208 1507 274
2207 1482 274
2206 1457 274
2204 1433 274
2201 1408 274
2198 1385 274
2194 1361 274
2190 1338 274
2185 1315 274
2179 1293 274
2173 1271 274
2166 1250 274
2159 1230 274
2150 1211 274
2142 1192 274
2132 1175 274
2122 1158 274
2110 1143 274
2099 1128 274
2086 1115 274
2073 1103 274
2059 1093 274
2044 1083 274
2029 1076 274
2013 1070 274
1996 1066 274
1979 1063 274
1961 1063 274
1943 1064 274
1924 1068 274
1904 1073 274
1884 1081 274
1863 1091 274
1842 1104 274
1820 1119 274
1798 1136 274
1775 1157 274
1752 1180 274
1729 1206 274
1704 1234 274
1680 1266 274
1655 1301 274
1629 1339 274
1603 1380 274
1577 1424 274
1551 1472 274
2101 2484 274
2268 2628 274
2423 2761 274
2567 2885 274
2701 2999 274
2824 3104 274
2938 3200 274
3041 3288 274
3135 3367 274
3220 3438 274
3297 3502 274
3364 3558 274
3423 311 274
3475 353 274
3518 389 274
3555 418 274
289 441 274
311 458 274
327 470 274
336 476 274
340 478 274
338 475 274
331 468 274
318 457 274
301 443 274
279 424 274
3548 403 274
3519 379 274
3485 352 274
3449 324 274
3409 293 274
3366 3555 274
3322 3521 274
3274 3486 274
3225 3449 274
3174 3412 274
3121 3374 274
3066 3335 274
3010 3296 274
2953 3256 274
2896 3216 274
2837 3177 274
2778 3138 274
2719 3099 274
2659 3061 274
2599 3023 274
2540 2987 274
2482 2952 274
2424 2918 274
2366 2886 274
2310 2855 274
2256 2826 274
2202 2799 274
2151 2775 274
2101 2753 274
2053 2733 274
2008 2716 274
1965 2702 274
1924 2692 274
1887 2684 274
1853 2680 274
1821 2680 274
1794 2683 274
1769 2689 274
1747 2698 274
1727 2710 274
1711 2725 274
1697 2743 274
1686 2763 274
1677 2785 274
1670 2809 274
1666 2835 274
1663 2862 274
1662 2892 274
1664 2922 274
1666 2953 274
1671 2986 274
1677 3019 274
1684 3053 274
1693 3087 274
1703 3121 274
1713 3156 274
1725 3190 274
1738 3224 274
1751 3257 274
1764 3290 274
1779 3322 274
1793 3353 274
1808 3383 274
1823 3411 274
1838 3438 274
1853 3463 274
1868 3486 274
1882 3507 274
1897 3528 274
1911 3546 274
1926 3563 274
1940 284 274
1954 299 274
1968 312 274
1982 324 274
1995 334 274
2009 344 274
2022 353 274
2035 361 274
2048 368 274
2060 374 274
2073 379 274
2085 384 274
2097 388 274
2109 391 274
2121 394 274
2132 397 274
2143 399 274
2154 401 274
2164 403 274
2175 404 274
2185 405 274
2194 406 274
2204 408 274
2213 409 274
2222 410 274
2230 412 274
2238 413 274
2246 415 274
2253 417 274
2260 420 274
2267 422 274
2272 425 274
2278 429 274
2283 432 274
2287 436 274
2290 441 274
2293 445 274
2296 451 274
2297 457 274
2298 463 274
2298 470 274
2298 477 274
2296 485 274
2294 494 274
2291 503 274
2287 513 274
2282 523 274
2276 534 274
2269 546 274
2261 559 274
2252 573 274
2242 587 274
2231 602 274
2219 618 274
2205 635 274
2191 653 274
2176 671 274
2160 691 274
2143 710 274
2126 731 274
2109 751 274
2091 773 274
2074 794 274
2056 816 274
2039 838 274
2022 860 274
2005 882 274
1989 904 274
1974 926 274
1960 948 274
1947 970 274
1935 991 274
1924 1012 274
1915 1032 274
1907 1052 274
1901 1072 274
1897 1090 274
1895 1108 274
1895 1126 274
1897 1142 274
1901 1157 274
1908 1172 274
1918 1185 274
1931 1197 274
1946 1208 274
1964 1218 274
1985 1226 274
2007 1234 274
2032 1241 274
2058 1246 274
2085 1251 274
2113 1254 274
2142 1257 274
2172 1259 274
2202 1260 274
2232 1261 274
2262 1261 274
2291 1260 274
2319 1258 274
2346 1256 274
2372 1254 274
2396 1251 274
2418 1248 274
2438 1244 274
2455 1240 274
2470 1236 274
2482 1231 274
2490 1226 274
2495 1221 274
2497 1216 274
2494 1211 274
2487 1206 274
2475 1201 274
2458 1197 274
2437 1192 274
2410 1187 274
2379 1183 274
2344 1178 274
2305 1174 274
2262 1171 274
2216 1167 274
2166 1164 274
2114 1161 274
2060 1159 274
2004 1157 274
1945 1155 274
1886 1154 274
1825 1153 274
1763 1153 274
1700 1153 274
1638 1154 274
1575 1155 274
1512 1157 274
1451 1160 274
1390 1163 274
1330 1167 274
1272 1171 274
1215 1177 274
1161 1183 274
1109 1190 274
1060 1197 274
1014 1206 274
971 1215 274
932 1225 274
896 1236 274
865 1248 274
837 1261 274
812 1274 274
791 1288 274
773 1303 274
758 1318 274
746 1334 274
736 1350 274
729 1366 274
724 1383 274
721 1400 274
720 1417 274
721 1434 274
723 1452 274
727 1469 274
733 1486 274
739 1503 274
746 1520 274
755 1537 274
764 1553 274
773 1569 274
783 1585 274
792 1600 274
802 1615 274
812 1629 274
821 1642 274
830 1655 274
838 1666 274
846 1677 274
852 1687 274
858 1696 274
862 1705 274
866 1712 274
869 1719 274
872 1726 274
873 1731 274
874 1736 274
875 1741 274
875 1745 274
875 1749 274
874 1752 274
873 1756 274
872 1759 274
871 1761 274
869 1764 274
868 1767 274
866 1769 274
865 1772 274
863 1775 274
862 1777 274
861 1780 274
860 1784 274
860 1787 274
860 1791 274
860 1795 274
861 1800 274
863 1805 274
865 1811 274
868 1818 274
872 1825 274
876 1833 274
881 1841 274
887 1850 274
894 1859 274
901 1869 274
909 1879 274
918 1890 274
927 1902 274
937 1913 274
948 1925 274
960 1937 274
972 1950 274
985 1963 274
999 1976 274
1014 1989 274
1029 2002 274
1045 2015 274
1061 2029 274
1078 2042 274
1096 2056 274
1115 2069 274
1134 2083 274
1154 2096 274
1175 2109 274
1196 2122 274
1218 2135 274
1241 2148 274
1264 2161 274
1288 2173 274
1313 2185 274
1338 2196 274
1364 2207 274
1390 2218 274
1417 2228 274
1445 2237 274
1472 2246 274
1500 2253 274
1528 2260 274
1557 2267 274
1585 2272 274
1614 2276 274
1643 2279 274
1672 2281 274
1701 2281 274
1730 2281 274
1758 2279 274
1787 2276 274
1815 2271 274
1844 2264 274
1871 2256 274
1899 2247 274
1926 2235 274
1953 2222 274
1979 2207 274
2005 2190 274
2030 2171 274
2054 2150 274
2078 2126 274
1346 1137 274
1319 1118 274
1293 1100 274
1268 1083 274
1244 1067 274
1221 1052 274
1200 1038 274
1179 1025 274
1160 1013 274
1141 1002 274
1124 991 274
1107 982 274
1091 973 274
1076 965 274
1062 957 274
1048 950 274
1035 944 274
1023 939 274
1012 933 274
1001 929 274
990 924 274
980 920 274
971 917 274
962 913 274
953 910 274
945 908 274
937 905 274
930 902 274
922 900 274
915 898 274
908 895 274
901 893 274
895 890 274
888 888 274
881 885 274
875 883 274
869 880 274
862 877 274
856 874 274
850 871 274
844 868 274
838 865 274
831 861 274
825 857 274
819 854 274
812 849 274
806 845 274
799 841 274
793 836 274
786 831 274
779 825 274
772 820 274
765 814 274
757 808 274
750 801 274
742 794 274
734 787 274
726 780 274
717 772 274
708 764 274
699 755 274
690 746 274
680 736 274
671 727 274
661 717 274
651 706 274
640 696 274
630 685 274
620 674 274
610 663 274
600 652 274
590 641 274
580 630 274
570 619 274
561 609 274
551 598 274
543 587 274
534 577 274
526 567 274
518 557 274
511 548 274
505 539 274
499 530 274
493 522 274
488 514 274
484 507 274
481 500 274
478 494 274
476 489 274
475 484 274
475 480 274
476 477 274
478 474 274
480 472 274
484 470 274
488 470 274
493 469 274
498 469 274
504 469 274
511 470 274
518 470 274
525 471 274
533 472 274
541 473 274
550 474 274
558 474 274
567 475 274
577 475 274
586 475 274
595 475 274
604 474 274
614 473 274
623 472 274
632 469 274
640 466 274
649 463 274
657 458 274
665 453 274
673 447 274
680 439 274
687 431 274
693 422 274
698 412 274
704 401 274
708 389 274
713 378 274
716 365 274
720 353 274
723 341 274
726 329 274
728 318 274
731 307 274
733 297 274
735 288 274
736 281 274
738 3569 274
739 3564 274
740 3560 274
741 3559 274
742 3559 274
743 3562 274
744 3567 274
745 279 274
747 289 274
748 302 274
749 318 274
750 337 274
752 359 274
754 385 274
755 415 274
758 448 274
760 486 274
763 527 274
765 571 274
768 619 274
771 670 274
775 723 274
778 779 274
781 836 274
784 895 274
788 956 274
791 1018 274
794 1080 274
797 1143 274
800 1207 274
802 1270 274
805 1333 274
807 1395 274
808 1457 274
810 1517 274
811 1576 274
812 1633 274
812 1688 274
812 1740 274
812 1790 274
811 1837 274
809 1881 274
807 1921 274
804 1957 274
801 1989 274
796 2017 274
792 2040 274
786 2059 274
780 2073 274
774 2084 274
767 2090 274
759 2093 274
752 2093 274
744 2089 274
735 2082 274
727 2073 274
718 2061 274
710 2046 274
701 2030 274
693 2011 274
684 1991 274
676 1970 274
668 1947 274
660 1923 274
653 1898 274
646 1872 274
640 1847 274
634 1820 274
629 1794 274
624 1768 274
620 1743 274
617 1718 274
615 1694 274
613 1671 274
613 1650 274
613 1630 274
615 1611 274
618 1594 274
621 1579 274
626 1565 274
632 1553 274
638 1543 274
646 1533 274
655 1525 274
664 1518 274
675 1513 274
686 1508 274
698 1505 274
712 1503 274
726 1501 274
740 1501 274
756 1502 274
773 1503 274
790 1505 274
808 1508 274
827 1511 274
846 1515 274
866 1520 274
887 1525 274
909 1530 274
931 1536 274
954 1543 274
977 1549 274
1002 1556 274
1026 1562 274
1052 1569 274
1078 1576 274
1104 1583 274
1131 1590 274
1158 1597 274
1186 1604 274
1213 1610 274
1241 1617 274
1270 1623 274
1298 1629 274
1326 1635 274
1354 1641 274
1383 1646 274
1411 1651 274
1438 1656 274
1466 1660 274
1493 1664 274
1520 1667 274
1546 1670 274
1572 1673 274
1597 1674 274
1622 1676 274
1645 1676 274
1668 1676 274
1691 1676 274
1712 1674 274
1732 1672 274
1752 1669 274
1770 1666 274
1787 1661 274
1803 1656 274
1818 1650 274
1832 1642 274
1844 1635 274
1856 1626 274
1866 1617 274
1875 1607 274
1884 1596 274
1891 1585 274
1898 1573 274
1904 1561 274
1909 1549 274
1914 1536 274
1917 1522 274
1921 1509 274
1924 1495 274
1926 1481 274
1928 1467 274
1929 1453 274
1930 1439 274
1931 1424 274
1932 1410 274
1933 1396 274
1933 1382 274
1934 1368 274
1934 1354 274
1934 1341 274
1935 1328 274
1936 1315 274
1936 1303 274
1938 1291 274
1939 1280 274
1941 1269 274
1943 1259 274
1945 1249 274
1947 1239 274
1950 1230 274
1952 1222 274
1955 1214 274
1958 1207 274
1961 1200 274
1964 1193 274
1966 1187 274
1969 1182 274
1972 1177 274
1974 1172 274
1977 1168 274
1979 1164 274
1981 1161 274
1983 1159 274
1985 1156 274
1986 1154 274
1987 1153 274
1987 1152 274
1987 1152 274
1987 1152 274
1986 1152 274
1985 1153 274
1984 1154 274
1981 1156 274
1979 1158 274
1975 1161 274
1971 1164 274
1966 1168 274
1961 1171 274
1955 1176 274
1947 1180 274
1939 1185 274
1930 1190 274
1919 1196 274
1908 1201 274
1895 1207 274
1881 1214 274
1866 1220 274
1849 1227 274
1831 1234 274
1812 1241 274
1791 1248 274
1768 1255 274
1743 1262 274
1717 1270 274
1689 1277 274
1659 1285 274
1628 1293 274
1594 1300 274
1558 1308 274
1520 1316 274
1480 1323 274
1438 1331 274
1393 1339 274
