1056 2203 274
1080 2207 274
1096 2211 274
1106 2213 274
1110 2214 274
1107 2214 274
1100 2213 274
1089 2212 274
1073 2209 274
1053 2207 274
1030 2203 274
1005 2199 274
978 2195 274
949 2191 274
919 2186 274
888 2182 274
857 2177 274
827 2173 274
797 2168 274
767 2164 274
739 2159 274
712 2155 274
686 2151 274
662 2147 274
641 2143 274
622 2139 274
605 2136 274
591 2132 274
581 2129 274
574 2126 274
571 2123 274
572 2120 274
576 2118 274
583 2115 274
593 2112 274
606 2108 274
620 2103 274
635 2098 274
651 2092 274
668 2084 274
685 2075 274
701 2064 274
716 2051 274
730 2037 274
742 2020 274
752 2001 274
759 1979 274
763 1955 274
765 1928 274
764 1900 274
761 1869 274
756 1836 274
748 1802 274
738 1766 274
727 1729 274
713 1690 274
698 1650 274
680 1610 274
662 1568 274
641 1525 274
619 1482 274
596 1439 274
571 1395 274
546 1351 274
520 1306 274
493 1262 274
466 1218 274
439 1173 274
411 1130 274
384 1086 274
358 1043 274
332 1001 274
307 960 274
283 919 274
3555 879 274
3534 840 274
3514 803 274
3496 767 274
3480 732 274
3465 699 274
3451 667 274
3439 637 274
3428 608 274
3418 582 274
3409 558 274
3401 535 274
3394 515 274
3388 497 274
3382 482 274
3377 469 274
3373 459 274
3370 451 274
3366 446 274
3363 442 274
3360 441 274
3357 441 274
3354 443 274
3350 445 274
3346 448 274
3341 451 274
3335 455 274
3328 458 274
3320 460 274
3310 462 274
3300 463 274
3287 462 274
3273 459 274
3257 455 274
3240 450 274
3221 444 274
3201 436 274
3181 428 274
3159 420 274
3137 411 274
3114 402 274
3091 393 274
3067 384 274
3044 376 274
3021 369 274
2998 362 274
2975 357 274
2953 353 274
2931 350 274
2910 347 274
2889 344 274
2868 341 274
2848 338 274
2827 333 274
2806 327 274
2784 320 274
2763 310 274
2740 297 274
2717 281 274
2694 3557 274
2669 3534 274
2644 3507 274
2618 3476 274
2591 3441 274
2563 3402 274
2534 3360 274
2505 3315 274
2476 3268 274
2447 3220 274
2418 3170 274
2390 3120 274
2361 3070 274
2334 3020 274
2307 2971 274
2282 2923 274
2257 2878 274
2234 2834 274
2212 2794 274
2192 2756 274
2174 2722 274
2157 2692 274
2142 2666 274
2129 2644 274
2118 2627 274
2109 2615 274
2102 2609 274
2097 2608 274
2095 2614 274
2095 2625 274
2098 2644 274
2102 2669 274
2110 2702 274
2120 2742 274
2132 2789 274
2146 2841 274
2159 2899 274
2173 2960 274
2186 3024 274
2197 3090 274
2207 3157 274
2213 3224 274
2215 3291 274
2213 3355 274
2206 3416 274
2193 3474 274
2174 3527 274
2148 280 274
2114 321 274
2073 356 274
2026 386 274
1974 410 274
1919 430 274
1860 446 274
1800 458 274
1739 468 274
1678 475 274
1619 480 274
1561 484 274
1507 487 274
1457 489 274
1413 492 274
1375 496 274
1343 500 274
1319 506 274
1301 512 274
1288 520 274
1281 528 274
1277 536 274
1278 545 274
1283 553 274
1290 562 274
1299 571 274
1310 579 274
1323 587 274
1336 594 274
1349 600 274
1361 605 274
1373 609 274
1383 612 274
1393 615 274
1401 616 274
1410 617 274
1417 618 274
1424 618 274
1430 618 274
1436 618 274
1442 618 274
1448 618 274
1453 618 274
1459 619 274
1464 621 274
1470 623 274
1476 625 274
1482 629 274
1488 633 274
1495 637 274
1501 642 274
1508 646 274
1515 650 274
1522 653 274
1528 656 274
1535 659 274
1541 660 274
1548 660 274
1554 659 274
1560 656 274
1565 651 274
1571 645 274
1576 638 274
1582 630 274
1587 623 274
1593 618 274
1599 614 274
1606 614 274
1614 618 274
1623 626 274
1633 640 274
1644 661 274
1656 688 274
1670 724 274
1686 769 274
1704 823 274
1723 887 274
1745 961 274
1768 1042 274
1793 1129 274
1819 1220 274
1847 1315 274
1876 1412 274
1906 1509 274
1938 1605 274
1970 1698 274
2003 1786 274
2036 1869 274
2071 1945 274
2105 2013 274
2140 2070 274
2175 2117 274
2210 2152 274
2245 2179 274
2280 2196 274
2315 2206 274
2349 2210 274
2382 2208 274
2415 2201 274
2447 2191 274
2478 2178 274
2508 2163 274
2536 2148 274
2564 2133 274
2590 2119 274
2614 2108 274
2637 2100 274
2658 2095 274
2678 2092 274
2698 2092 274
2717 2095 274
2736 2099 274
2756 2106 274
2777 2114 274
2798 2123 274
2821 2134 274
2846 2145 274
2872 2157 274
2902 2170 274
2934 2182 274
2969 2195 274
3007 2207 274
3048 2219 274
3090 2231 274
3132 2241 274
3173 2252 274
3211 2261 274
3247 2270 274
3278 2278 274
3303 2285 274
3322 2292 274
3333 2297 274
3335 2301 274
3326 2303 274
3307 2305 274
3275 2305 274
3230 2303 274
3172 2301 274
3105 2297 274
3028 2293 274
2945 2288 274
2855 2282 274
2761 2277 274
2665 2271 274
2567 2266 274
2470 2262 274
2374 2258 274
2282 2255 274
2195 2253 274
2115 2253 274
2043 2254 274
1980 2257 274
1926 2261 274
1881 2267 274
1843 2272 274
1813 2278 274
1789 2284 274
1770 2289 274
1757 2292 274
1749 2294 274
1745 2293 274
1744 2290 274
1745 2284 274
1749 2275 274
1754 2262 274
1760 2244 274
1766 2221 274
1771 2194 274
1773 2160 274
1770 2119 274
1763 2071 274
1748 2016 274
1724 1952 274
1691 1878 274
1646 1795 274
1588 1702 274
1516 1597 274
1428 1481 274
1323 1352 274
1200 1211 274
1420 1687 274
1427 1688 274
1433 1687 274
1437 1683 274
1439 1678 274
1440 1671 274
1439 1663 274
1438 1653 274
1435 1642 274
1432 1630 274
1428 1618 274
1423 1604 274
1417 1591 274
1412 1577 274
1406 1562 274
1399 1548 274
1393 1535 274
1387 1521 274
1381 1508 274
1375 1495 274
1370 1483 274
1364 1471 274
1359 1460 274
1354 1449 274
1350 1439 274
1346 1430 274
1343 1422 274
1340 1414 274
1338 1407 274
1336 1401 274
1335 1396 274
1335 1392 274
1336 1389 274
1337 1386 274
1337 1384 274
1338 1382 274
1339 1379 274
1339 1376 274
1338 1373 274
1337 1368 274
1334 1363 274
1330 1356 274
1325 1348 274
1317 1337 274
1308 1325 274
1297 1311 274
1283 1294 274
1267 1274 274
1249 1253 274
1228 1230 274
1205 1205 274
1178 1178 274
1150 1150 274
1118 1120 274
1084 1090 274
1047 1059 274
1008 1027 274
965 995 274
920 962 274
871 929 274
820 897 274
765 864 274
708 832 274
648 799 274
585 765 274
521 731 274
454 694 274
386 656 274
316 617 274
3539 574 274
3467 529 274
3393 481 274
3319 429 274
3244 374 274
3169 314 274
3094 3545 274
3019 3477 274
2945 3405 274
2871 3329 274
2798 3252 274
2727 3174 274
2657 3096 274
2589 3018 274
2524 2943 274
2461 2870 274
2401 2800 274
2344 2736 274
2290 2676 274
2241 2623 274
2195 2578 274
2154 2541 274
2117 2512 274
2085 2492 274
2057 2480 274
2032 2474 274
2010 2475 274
1991 2480 274
1975 2489 274
1960 2502 274
1947 2517 274
1935 2534 274
1924 2552 274
1914 2570 274
1903 2587 274
1892 2602 274
1881 2615 274
1868 2624 274
1855 2631 274
1840 2634 274
1825 2635 274
1808 2634 274
1792 2630 274
1774 2625 274
1756 2618 274
1737 2610 274
1718 2601 274
1699 2591 274
1680 2580 274
1660 2569 274
1641 2558 274
1621 2547 274
1602 2537 274
1583 2527 274
1564 2519 274
1546 2512 274
1528 2508 274
1511 2506 274
1496 2506 274
1481 2510 274
1468 2518 274
1456 2529 274
1446 2545 274
1438 2566 274
1431 2592 274
1427 2624 274
1424 2662 274
1424 2706 274
1426 2756 274
1430 2810 274
1435 2868 274
1442 2928 274
1450 2990 274
1459 3053 274
1468 3116 274
1478 3178 274
1488 3237 274
1498 3294 274
1507 3347 274
1516 3395 274
1524 3437 274
1531 3472 274
1536 3500 274
1541 3521 274
1544 3536 274
1546 3546 274
1547 3552 274
1548 3554 274
1547 3554 274
1546 3551 274
1545 3548 274
1542 3545 274
1540 3542 274
1537 3541 274
1534 3542 274
1531 3546 274
1527 3555 274
1524 3568 274
1521 291 274
1518 313 274
1515 338 274
1513 367 274
1510 399 274
1508 433 274
1507 469 274
1506 507 274
1505 546 274
1505 586 274
1506 627 274
1507 668 274
1509 708 274
1511 747 274
1514 786 274
1518 824 274
1523 861 274
1528 898 274
1533 935 274
1540 972 274
1546 1010 274
1553 1048 274
1560 1088 274
1567 1130 274
1574 1173 274
1582 1218 274
1589 1265 274
1596 1315 274
1603 1368 274
1610 1424 274
1617 1483 274
1624 1543 274
1631 1605 274
1637 1668 274
1644 1730 274
1650 1792 274
1657 1852 274
1663 1910 274
1670 1966 274
1676 2018 274
1683 2067 274
1690 2111 274
1697 2150 274
1704 2182 274
1712 2209 274
1720 2230 274
1728 2245 274
1736 2256 274
1745 2263 274
1754 2267 274
1763 2268 274
1773 2268 274
1783 2265 274
1793 2263 274
1804 2260 274
1815 2257 274
1827 2256 274
1839 2257 274
1851 2261 274
1865 2267 274
1878 2277 274
1892 2288 274
1906 2302 274
1920 2317 274
1935 2334 274
1949 2351 274
1964 2368 274
1978 2386 274
1993 2403 274
2007 2420 274
2021 2435 274
2034 2448 274
2048 2460 274
2060 2469 274
2072 2475 274
2084 2479 274
2096 2481 274
2107 2481 274
2119 2479 274
2131 2476 274
2143 2473 274
2155 2469 274
2168 2465 274
2182 2461 274
2197 2458 274
2213 2456 274
2230 2454 274
2248 2455 274
2268 2457 274
2289 2462 274
2312 2469 274
2336 2477 274
2360 2487 274
2385 2499 274
2411 2511 274
2436 2525 274
2462 2539 274
2486 2553 274
2510 2568 274
2533 2582 274
2555 2597 274
2575 2610 274
2593 2623 274
2609 2635 274
2622 2646 274
2634 2655 274
2643 2664 274
2651 2671 274
2658 2678 274
2663 2683 274
2668 2688 274
2672 2692 274
2675 2696 274
2679 2699 274
2682 2702 274
2686 2704 274
2691 2706 274
2696 2708 274
2703 2710 274
2711 2712 274
2719 2713 274
2728 2715 274
2737 2716 274
2744 2717 274
2750 2717 274
2754 2717 274
2756 2717 274
2754 2716 274
2748 2714 274
2738 2711 274
2723 2707 274
2702 2703 274
2675 2697 274
2642 2691 274
2601 2683 274
2555 2674 274
2502 2664 274
2445 2654 274
2385 2643 274
2322 2631 274
2257 2620 274
2191 2608 274
2126 2596 274
2061 2585 274
1999 2573 274
1940 2563 274
1884 2553 274
1833 2544 274
1788 2535 274
1749 2528 274
1716 2522 274
1689 2517 274
1667 2511 274
1649 2507 274
1635 2502 274
1625 2497 274
1617 2492 274
1612 2486 274
1609 2479 274
1606 2471 274
1605 2462 274
1604 2452 274
1602 2440 274
1599 2426 274
1596 2410 274
1590 2392 274
1584 2372 274
1576 2350 274
1567 2326 274
1557 2300 274
1547 2273 274
1535 2244 274
1523 2214 274
1510 2182 274
1496 2149 274
1482 2115 274
1468 2079 274
1453 2043 274
1438 2005 274
1423 1966 274
1409 1926 274
1394 1886 274
1381 1845 274
1370 1805 274
1360 1763 274
1353 1722 274
1348 1682 274
1346 1642 274
1347 1602 274
1353 1563 274
1362 1525 274
1376 1489 274
1396 1454 274
3248 1251 274
3472 1233 274
380 1217 274
564 1201 274
730 1185 274
878 1171 274
1009 1156 274
1124 1143 274
1224 1129 274
1310 1117 274
1383 1104 274
1444 1093 274
1493 1081 274
1531 1070 274
1560 1060 274
1579 1050 274
1591 1040 274
1595 1031 274
1593 1022 274
1584 1013 274
1571 1005 274
1552 997 274
1530 989 274
1504 982 274
1476 975 274
1446 968 274
1415 961 274
1383 955 274
1351 949 274
1320 943 274
1290 937 274
1263 932 274
1237 927 274
1213 922 274
1192 917 274
1172 913 274
1154 909 274
1137 905 274
1122 901 274
1109 898 274
1097 895 274
1086 892 274
1076 890 274
1068 888 274
1061 886 274
1054 885 274
1049 884 274
1044 883 274
1040 883 274
1037 883 274
1034 883 274
1032 884 274
1030 884 274
1027 885 274
1025 886 274
1023 887 274
1021 889 274
1018 890 274
1015 891 274
1011 892 274
1007 894 274
1002 895 274
996 896 274
990 898 274
983 899 274
976 900 274
968 902 274
960 904 274
952 906 274
944 908 274
935 910 274
927 913 274
919 916 274
911 919 274
903 923 274
896 927 274
889 931 274
882 936 274
877 942 274
872 948 274
867 955 274
864 962 274
862 970 274
861 979 274
861 989 274
862 999 274
864 1011 274
869 1023 274
874 1036 274
882 1050 274
891 1066 274
902 1082 274
914 1100 274
928 1118 274
943 1137 274
959 1157 274
975 1177 274
992 1198 274
1009 1218 274
1026 1240 274
1042 1261 274
1058 1282 274
1072 1303 274
1086 1323 274
1098 1343 274
1109 1363 274
1117 1382 274
1124 1401 274
1130 1418 274
1136 1436 274
1140 1452 274
1145 1468 274
1151 1484 274
1157 1499 274
1164 1513 274
1172 1527 274
1183 1540 274
1196 1553 274
1211 1565 274
1230 1577 274
1252 1588 274
1278 1599 274
1306 1609 274
1337 1619 274
1368 1629 274
1398 1638 274
1428 1648 274
1455 1657 274
1479 1667 274
1499 1676 274
1513 1686 274
1521 1695 274
1521 1705 274
1514 1716 274
1496 1727 274
1469 1738 274
1430 1750 274
1381 1762 274
1324 1775 274
1260 1788 274
1189 1801 274
1115 1815 274
1038 1828 274
959 1842 274
881 1855 274
804 1869 274
730 1882 274
660 1895 274
596 1907 274
539 1919 274
491 1931 274
453 1941 274
423 1951 274
400 1959 274
382 1966 274
368 1969 274
357 1970 274
345 1968 274
333 1961 274
319 1951 274
300 1935 274
275 1915 274
3537 1888 274
3496 1856 274
3445 1817 274
3381 1771 274
3304 1717 274
3215 1657 274
3115 1592 274
3007 1522 274
2892 1450 274
2772 1375 274
2648 1298 274
2523 1222 274
2397 1147 274
2273 1074 274
2152 1005 274
2036 939 274
1926 879 274
1825 825 274
1734 779 274
1654 741 274
1586 711 274
1527 688 274
1478 671 274
1438 661 274
1405 656 274
1380 655 274
1361 658 274
1347 664 274
1338 673 274
1334 683 274
1332 695 274
1333 707 274
1336 719 274
1340 730 274
1344 739 274
1348 747 274
1352 754 274
1355 760 274
1359 764 274
1362 767 274
1365 769 274
1367 770 274
1369 771 274
1370 771 274
1370 770 274
1369 768 274
1367 766 274
1363 764 274
1359 761 274
1353 759 274
1347 756 274
1340 755 274
1334 754 274
1329 755 274
1327 758 274
1327 764 274
1330 772 274
1337 784 274
1349 799 274
1366 819 274
1388 844 274
1418 873 274
1455 908 274
1499 949 274
1552 997 274
1612 1050 274
1679 1108 274
1752 1170 274
1829 1235 274
1909 1303 274
1992 1373 274
2076 1444 274
2160 1515 274
2244 1586 274
2326 1655 274
2405 1723 274
2481 1787 274
2552 1848 274
2616 1905 274
2675 1957 274
2727 2004 274
2773 2046 274
2813 2085 274
2849 2120 274
2881 2151 274
2908 2180 274
2933 2206 274
2954 2229 274
2974 2251 274
2991 2271 274
3007 2290 274
3023 2308 274
3038 2325 274
3053 2342 274
3069 2359 274
3086 2377 274
3103 2394 274
3121 2411 274
3139 2427 274
3157 2444 274
3176 2459 274
3194 2474 274
3213 2488 274
3231 2501 274
3249 2513 274
3267 2523 274
3285 2532 274
3302 2540 274
3318 2546 274
3334 2550 274
3349 2553 274
3363 2554 274
3376 2553 274
3388 2552 274
3399 2549 274
3409 2545 274
3418 2540 274
3426 2535 274
3432 2528 274
3437 2521 274
3441 2514 274
3443 2506 274
3443 2498 274
3442 2490 274
3440 2482 274
3436 2475 274
3430 2467 274
3424 2459 274
3418 2452 274
3410 2445 274
3403 2438 274
3396 2431 274
3390 2425 274
3384 2420 274
3379 2415 274
3375 2410 274
3373 2406 274
3372 2403 274
3374 2401 274
3378 2399 274
3383 2397 274
3390 2397 274
3399 2397 274
3408 2397 274
3418 2397 274
3428 2398 274
3438 2398 274
3448 2399 274
3457 2399 274
3464 2400 274
3471 2400 274
3475 2399 274
3477 2398 274
3477 2396 274
3474 2394 274
3469 2391 274
3461 2387 274
3452 2382 274
3441 2375 274
3429 2368 274
3416 2359 274
3403 2348 274
3389 2336 274
3376 2322 274
3363 2307 274
3352 2289 274
3341 2270 274
3332 2248 274
3325 2224 274
3320 2197 274
3317 2169 274
3316 2140 274
3317 2110 274
3319 2080 274
3323 2051 274
3328 2023 274
3334 1997 274
3340 1974 274
3348 1954 274
3356 1937 274
3364 1925 274
3372 1917 274
3380 1915 274
3388 1920 274
3396 1931 274
3402 1950 274
3408 1977 274
3412 2013 274
3414 2059 274
3414 2116 274
3411 2185 274
3406 2266 274
3396 2360 274
3383 2468 274
3366 2591 274
3344 2730 274
3318 2885 274
3286 3058 274
1069 789 274
1074 782 274
1076 774 274
1076 767 274
1074 759 274
1071 750 274
1065 742 274
1058 733 274
1050 725 274
1040 716 274
1030 707 274
1018 697 274
1005 688 274
992 679 274
977 669 274
963 660 274
948 650 274
933 641 274
917 631 274
902 622 274
887 613 274
871 603 274
856 594 274
841 585 274
826 576 274
811 567 274
797 559 274
784 550 274
771 542 274
758 534 274
747 526 274
736 518 274
726 511 274
717 504 274
708 497 274
700 491 274
692 484 274
685 478 274
678 472 274
672 467 274
666 462 274
660 457 274
655 452 274
649 447 274
644 443 274
639 439 274
633 436 274
628 432 274
623 429 274
618 426 274
613 424 274
608 422 274
604 420 274
600 418 274
597 416 274
594 415 274
591 414 274
589 413 274
588 413 274
587 412 274
587 412 274
588 412 274
589 413 274
591 413 274
592 414 274
594 415 274
594 416 274
595 417 274
594 418 274
592 419 274
588 421 274
583 422 274
575 423 274
565 424 274
553 425 274
538 426 274
521 427 274
501 428 274
480 429 274
460 430 274
440 431 274
422 431 274
408 432 274
398 433 274
393 434 274
394 436 274
402 437 274
418 439 274
444 441 274
480 443 274
528 445 274
587 448 274
656 451 274
734 454 274
819 458 274
908 461 274
1000 464 274
1093 466 274
1185 468 274
1274 470 274
1359 470 274
1436 470 274
1505 470 274
1563 468 274
1609 465 274
1640 460 274
1656 455 274
1657 448 274
1645 440 274
1621 432 274
1587 423 274
1544 413 274
1495 403 274
1440 393 274
1382 383 274
1321 373 274
1259 363 274
1199 355 274
1140 346 274
1086 339 274
1037 333 274
995 328 274
959 325 274
930 322 274
906 321 274
887 321 274
872 321 274
861 322 274
853 324 274
849 327 274
846 330 274
846 334 274
846 338 274
847 342 274
849 347 274
850 352 274
850 357 274
849 362 274
848 367 274
847 372 274
845 378 274
842 383 274
840 389 274
837 395 274
835 402 274
832 409 274
831 416 274
829 423 274
828 431 274
828 439 274
829 448 274
831 457 274
833 467 274
837 477 274
840 487 274
845 497 274
850 507 274
855 518 274
860 528 274
865 538 274
870 548 274
875 558 274
879 567 274
884 576 274
887 584 274
890 592 274
892 599 274
893 606 274
894 612 274
895 618 274
895 624 274
895 629 274
895 635 274
896 640 274
897 646 274
898 652 274
901 659 274
903 666 274
907 674 274
913 683 274
919 692 274
927 703 274
936 714 274
946 726 274
957 739 274
968 752 274
981 766 274
994 779 274
1007 793 274
1020 807 274
1033 821 274
1045 834 274
1058 847 274
1070 860 274
1081 872 274
1091 883 274
1100 893 274
1108 903 274
1117 913 274
1125 924 274
1134 936 274
1144 951 274
1156 968 274
1169 988 274
1185 1011 274
1204 1039 274
1226 1072 274
1251 1110 274
1280 1154 274
1314 1205 274
1353 1263 274
1397 1329 274
1445 1401 274
1498 1479 274
1554 1563 274
1613 1652 274
1674 1744 274
1736 1839 274
1799 1936 274
1863 2035 274
1926 2135 274
1988 2234 274
2049 2332 274
2107 2429 274
2162 2523 274
2214 2614 274
2262 2700 274
2306 2783 274
2347 2861 274
2385 2935 274
2420 3005 274
2454 3071 274
2487 3132 274
2519 3189 274
2551 3242 274
2582 3290 274
2615 3334 274
2648 3374 274
2683 3408 274
2720 3439 274
2760 3465 274
2802 3486 274
2848 3503 274
2895 3516 274
2944 3526 274
2995 3533 274
3047 3537 274
3099 3539 274
3152 3539 274
3205 3537 274
3257 3535 274
3309 3531 274
3359 3527 274
3407 3523 274
3454 3520 274
3498 3517 274
3539 3515 274
283 3515 274
319 3515 274
353 3516 274
385 3518 274
414 3521 274
442 3524 274
468 3528 274
492 3533 274
514 3538 274
536 3543 274
556 3548 274
575 3554 274
593 3560 274
610 3565 274
626 276 274
642 281 274
658 285 274
672 289 274
686 291 274
699 292 274
712 291 274
724 287 274
734 282 274
745 3568 274
754 3557 274
762 3542 274
770 3524 274
777 3502 274
782 3475 274
787 3445 274
792 3410 274
795 3373 274
797 3332 274
799 3289 274
799 3244 274
799 3199 274
798 3152 274
797 3106 274
795 3060 274
792 3015 274
788 2971 274
784 2930 274
779 2891 274
773 2856 274
767 2824 274
760 2795 274
754 2769 274
746 2744 274
739 2721 274
732 2698 274
725 2675 274
719 2651 274
713 2625 274
707 2597 274
703 2566 274
699 2532 274
696 2494 274
694 2451 274
694 2402 274
695 2348 274
698 2288 274
702 2223 274
707 2155 274
713 2083 274
721 2009 274
729 1934 274
739 1857 274
750 1781 274
761 1705 274
774 1631 274
787 1560 274
802 1491 274
817 1426 274
832 1365 274
849 1310 274
866 1259 274
883 1214 274
901 1174 274
918 1138 274
936 1106 274
954 1079 274
972 1057 274
989 1038 274
1006 1023 274
1022 1012 274
1038 1004 274
1053 999 274
1067 998 274
1080 1000 274
1092 1005 274
1102 1012 274
1112 1020 274
1119 1030 274
1125 1041 274
1130 1052 274
1132 1063 274
1133 1072 274
1131 1080 274
1127 1087 274
1121 1090 274
1112 1091 274
1101 1088 274
1086 1081 274
1562 977 274
1550 976 274
1536 973 274
1522 968 274
1507 962 274
1491 954 274
1475 945 274
1458 935 274
1440 924 274
1422 913 274
1404 901 274
1385 888 274
1366 876 274
1347 863 274
1328 850 274
1309 838 274
1290 826 274
1271 815 274
1252 804 274
1233 793 274
1215 784 274
1197 774 274
1180 766 274
1162 758 274
1146 752 274
1129 745 274
1114 740 274
1098 736 274
1084 733 274
1070 730 274
1057 729 274
1045 729 274
1033 730 274
1021 730 274
1010 731 274
998 732 274
987 732 274
975 731 274
962 728 274
948 724 274
933 717 274
917 708 274
900 696 274
880 681 274
859 663 274
835 640 274
810 614 274
781 583 274
750 548 274
716 509 274
679 467 274
639 420 274
595 371 274
547 318 274
496 3556 274
440 3497 274
379 3434 274
315 3369 274
3540 3301 274
3466 3230 274
3386 3157 274
3301 3082 274
3212 3005 274
3120 2927 274
3025 2849 274
2930 2772 274
2835 2696 274
2741 2622 274
2649 2551 274
2560 2484 274
2476 2422 274
2397 2365 274
2325 2313 274
2261 2269 274
2206 2232 274
2160 2203 274
2125 2183 274
2100 2171 274
2083 2166 274
2074 2168 274
2072 2175 274
2075 2188 274
2083 2204 274
2094 2223 274
2107 2244 274
2121 2267 274
2135 2290 274
2148 2313 274
2159 2335 274
2166 2354 274
2169 2371 274
2167 2384 274
2160 2394 274
2148 2401 274
2133 2406 274
2114 2410 274
2092 2412 274
2068 2413 274
2042 2414 274
2016 2415 274
1988 2417 274
1961 2420 274
1934 2425 274
1908 2432 274
1883 2442 274
1861 2455 274
1841 2472 274
1824 2492 274
1809 2516 274
1795 2542 274
1783 2571 274
1773 2603 274
1764 2637 274
1755 2672 274
1747 2710 274
1740 2748 274
1732 2788 274
1725 2829 274
1716 2871 274
1708 2913 274
1698 2955 274
1687 2996 274
1675 3038 274
1662 3079 274
1647 3120 274
1632 3160 274
1616 3199 274
1599 3237 274
1581 3274 274
1563 3310 274
1544 3344 274
1524 3377 274
1504 3408 274
1483 3437 274
1462 3465 274
1441 3490 274
1419 3513 274
1398 3534 274
1376 3553 274
1354 276 274
1332 292 274
1311 306 274
1290 320 274
1269 332 274
1249 343 274
1229 354 274
1210 364 274
1192 374 274
1175 383 274
1159 392 274
1144 402 274
1130 412 274
1117 422 274
1105 432 274
1095 442 274
1085 453 274
1076 463 274
1068 474 274
1061 484 274
1055 495 274
1049 506 274
1043 516 274
1039 527 274
1034 537 274
1030 547 274
1027 557 274
1023 566 274
1020 576 274
1017 585 274
1015 595 274
1013 605 274
1011 616 274
1009 628 274
1008 641 274
1007 655 274
1006 670 274
1006 686 274
1006 705 274
1007 725 274
1007 747 274
1009 771 274
1010 798 274
1012 827 274
1014 857 274
1017 890 274
1021 924 274
1024 959 274
1029 995 274
1034 1032 274
1039 1069 274
1045 1107 274
1052 1145 274
1059 1182 274
1067 1220 274
1076 1256 274
1085 1292 274
1096 1327 274
1107 1361 274
1118 1394 274
1130 1426 274
1143 1458 274
1157 1489 274
1171 1519 274
1185 1548 274
1200 1578 274
1215 1606 274
1231 1635 274
1247 1663 274
1264 1691 274
1281 1719 274
1298 1747 274
1315 1775 274
1332 1804 274
1351 1833 274
1369 1864 274
1389 1896 274
1410 1929 274
1431 1965 274
1455 2004 274
1479 2045 274
1505 2090 274
1533 2138 274
1562 2190 274
1594 2246 274
1628 2308 274
1664 2374 274
1703 2445 274
1744 2521 274
1787 2600 274
1832 2682 274
1879 2766 274
1927 2851 274
1977 2936 274
2028 3020 274
2080 3103 274
2133 3183 274
2187 3259 274
2241 3331 274
2295 3398 274
2350 3459 274
2405 3513 274
2459 3559 274
2513 303 274
2567 335 274
2621 361 274
2674 382 274
2728 397 274
2780 409 274
2833 417 274
2885 421 274
2937 423 274
2989 424 274
3040 422 274
3091 421 274
3141 419 274
3191 417 274
3241 417 274
3290 417 274
3339 418 274
3386 420 274
3433 422 274
3479 425 274
3524 428 274
3568 431 274
316 435 274
357 438 274
397 441 274
435 443 274
471 446 274
506 447 274
539 448 274
570 448 274
599 447 274
626 446 274
651 444 274
675 441 274
698 438 274
720 434 274
740 430 274
759 425 274
777 420 274
795 415 274
811 409 274
828 404 274
843 398 274
859 392 274
874 386 274
889 381 274
903 375 274
917 370 274
930 365 274
942 360 274
954 355 274
964 351 274
974 348 274
982 345 274
989 342 274
994 340 274
998 339 274
1001 339 274
1001 339 274
1000 341 274
998 342 274
994 345 274
991 347 274
988 348 274
986 349 274
985 349 274
986 347 274
990 344 274
997 339 274
1008 332 274
1023 322 274
1042 309 274
1067 294 274
1098 274 274
1135 3546 274
1177 3519 274
1224 3489 274
1275 3455 274
1329 3418 274
1385 3379 274
1443 3336 274
1501 3291 274
1558 3244 274
1614 3194 274
1668 3143 274
1718 3090 274
1765 3035 274
1807 2978 274
1844 2920 274
1874 2861 274
1898 2802 274
1917 2741 274
1929 2680 274
1937 2619 274
1939 2557 274
1937 2496 274
1931 2435 274
1920 2374 274
1906 2315 274
1889 2256 274
1868 2198 274
1845 2142 274
1819 2087 274
1791 2034 274
1761 1982 274
1730 1933 274
1699 1886 274
1668 1842 274
1638 1800 274
1610 1761 274
1585 1725 274
1563 1692 274
1545 1662 274
1531 1636 274
1524 1613 274
1522 1594 274
1527 1579 274
1540 1569 274
1046 2041 274
1005 1954 274
974 1888 274
953 1841 274
940 1811 274
935 1798 274
938 1800 274
947 1816 274
963 1845 274
985 1885 274
1011 1935 274
1042 1994 274
1076 2060 274
1114 2133 274
1154 2211 274
1196 2292 274
1240 2376 274
1285 2461 274
1330 2547 274
1375 2634 274
1421 2720 274
1465 2805 274
1509 2888 274
1551 2969 274
1591 3046 274
1630 3119 274
1666 3187 274
1698 3250 274
1728 3307 274
1754 3357 274
1775 3400 274
1793 3434 274
1806 3461 274
1815 3481 274
1821 3496 274
1823 3505 274
1822 3510 274
1819 3511 274
1814 3509 274
1806 3505 274
1797 3500 274
1787 3495 274
1776 3490 274
1764 3485 274
1751 3483 274
1738 3483 274
1726 3486 274
1714 3492 274
1702 3499 274
1690 3507 274
1679 3514 274
1667 3520 274
1656 3523 274
1645 3524 274
1634 3520 274
1623 3511 274
1612 3496 274
1601 3474 274
1591 3444 274
1580 3405 274
1569 3356 274
1559 3297 274
1548 3228 274
1537 3151 274
1527 3068 274
1517 2980 274
1507 2887 274
1497 2793 274
1488 2697 274
1480 2602 274
1471 2508 274
1464 2418 274
1457 2332 274
1451 2252 274
1446 2179 274
1441 2116 274
1438 2062 274
1435 2017 274
1433 1981 274
1432 1953 274
1432 1932 274
1432 1918 274
1433 1910 274
1435 1906 274
1438 1907 274
1441 1911 274
1445 1918 274
1450 1926 274
1455 1937 274
1460 1947 274
1466 1958 274
1473 1968 274
1480 1977 274
1487 1985 274
1495 1992 274
1503 1998 274
1512 2003 274
1520 2008 274
1529 2011 274
1538 2014 274
1547 2016 274
1556 2017 274
1565 2018 274
1574 2017 274
1583 2016 274
1592 2014 274
1600 2012 274
1609 2008 274
1618 2005 274
1627 2000 274
1636 1996 274
1645 1992 274
1655 1987 274
1665 1983 274
1676 1979 274
1687 1976 274
1699 1973 274
1713 1971 274
1727 1969 274
1742 1969 274
1758 1969 274
1775 1971 274
1794 1974 274
1813 1978 274
1834 1983 274
1855 1988 274
1877 1994 274
1900 2000 274
1924 2006 274
1948 2012 274
1972 2019 274
1997 2025 274
2022 2030 274
2047 2035 274
2072 2040 274
2097 2043 274
2122 2046 274
2147 2048 274
2173 2051 274
2199 2054 274
2226 2059 274
2253 2066 274
2282 2075 274
2311 2087 274
2343 2104 274
2376 2124 274
2410 2150 274
2447 2180 274
2486 2217 274
2527 2261 274
2571 2312 274
2618 2371 274
2667 2436 274
2718 2508 274
2771 2584 274
2826 2665 274
2882 2749 274
2940 2834 274
2998 2921 274
3056 3009 274
3114 3095 274
3173 3180 274
3231 3262 274
3288 3341 274
3344 3415 274
3399 3484 274
3452 3546 274
3503 307 274
3552 357 274
304 401 274
348 439 274
388 471 274
425 498 274
458 519 274
487 535 274
512 546 274
532 551 274
547 552 274
557 548 274
560 539 274
558 526 274
550 508 274
537 488 274
520 466 274
501 444 274
481 423 274
462 405 274
444 391 274
429 383 274
419 381 274
414 388 274
417 405 274
427 433 274
448 474 274
480 529 274
524 600 274
581 686 274
650 787 274
729 900 274
815 1022 274
908 1151 274
1004 1283 274
1102 1417 274
1200 1550 274
1296 1679 274
1388 1802 274
1473 1915 274
1551 2017 274
1618 2105 274
1673 2176 274
1715 2228 274
1740 2259 274
1752 2270 274
1750 2263 274
1737 2240 274
1714 2203 274
1682 2155 274
1643 2096 274
1600 2030 274
1552 1958 274
1501 1882 274
1450 1805 274
1400 1727 274
1351 1652 274
1307 1581 274
1267 1517 274
1234 1460 274
1207 1411 274
1185 1369 274
1169 1334 274
1158 1304 274
1150 1280 274
1146 1261 274
1145 1247 274
1146 1236 274
1149 1228 274
1154 1223 274
1159 1220 274
1165 1219 274
1171 1218 274
1176 1218 274
1179 1217 274
1182 1217 274
1184 1216 274
1185 1215 274
1185 1213 274
1185 1212 274
1185 1210 274
1185 1207 274
1185 1205 274
1185 1202 274
1186 1199 274
1187 1195 274
1189 1192 274
1192 1187 274
1197 1183 274
1202 1178 274
1209 1172 274
1216 1167 274
1223 1160 274
1229 1154 274
1235 1147 274
1240 1140 274
1243 1132 274
1244 1124 274
1243 1115 274
1239 1106 274
1231 1096 274
1220 1086 274
1205 1076 274
1185 1065 274
1161 1053 274
1133 1042 274
1103 1030 274
1074 1017 274
1046 1005 274
1021 992 274
1001 980 274
988 968 274
983 955 274
987 944 274
1003 932 274
1033 921 274
1077 911 274
1137 901 274
1215 892 274
1313 883 274
1426 876 274
1551 869 274
1684 863 274
1822 858 274
1960 854 274
2096 851 274
2224 849 274
2342 848 274
2445 849 274
2530 850 274
2593 852 274
2630 856 274
2637 860 274
2610 866 274
2548 874 274
2453 882 274
2330 892 274
2183 904 274
2017 917 274
1836 932 274
1646 948 274
1451 967 274
1254 987 274
1062 1009 274
878 1034 274
706 1061 274
553 1090 274
422 1122 274
317 1156 274
3537 1192 274
3491 1231 274
3470 1272 274
3473 1314 274
3495 1357 274
3535 1401 274
294 1445 274
360 1489 274
435 1533 274
516 1576 274
600 1617 274
685 1657 274
767 1696 274
845 1732 274
914 1765 274
973 1795 274
1023 1823 274
1062 1847 274
1092 1867 274
1113 1885 274
1126 1899 274
1131 1909 274
1128 1916 274
1119 1919 274
1103 1918 274
1081 1914 274
1054 1905 274
1021 1893 274
984 1876 274
943 1855 274
898 1830 274
852 1800 274
806 1767 274
763 1729 274
724 1687 274
693 1641 274
669 1591 274
657 1537 274
657 1478 274
673 1416 274
705 1350 274
756 1280 274
829 1206 274
925 1128 274
1481 895 274
1405 891 274
1335 878 274
1269 858 274
1208 830 274
1152 795 274
1099 754 274
1049 708 274
1003 656 274
959 599 274
918 538 274
878 473 274
840 405 274
802 334 274
766 3556 274
730 3482 274
694 3406 274
657 3329 274
620 3252 274
583 3174 274
544 3097 274
505 3020 274
465 2945 274
424 2870 274
381 2797 274
337 2727 274
291 2658 274
3538 2593 274
3488 2530 274
3436 2472 274
3381 2416 274
3324 2365 274
3265 2318 274
3205 2275 274
3144 2235 274
3081 2199 274
3019 2166 274
2957 2136 274
2896 2109 274
2836 2084 274
2777 2062 274
2721 2042 274
2667 2024 274
2617 2008 274
2569 1994 274
2526 1981 274
2488 1969 274
2453 1958 274
2422 1949 274
2395 1940 274
2371 1932 274
2350 1925 274
2331 1918 274
2314 1912 274
2299 1906 274
2286 1901 274
2274 1895 274
2263 1890 274
2252 1884 274
2242 1878 274
2231 1872 274
2220 1866 274
2209 1859 274
2197 1852 274
2185 1845 274
2172 1838 274
2159 1831 274
2146 1825 274
2132 1820 274
2118 1815 274
2103 1810 274
2088 1807 274
2072 1805 274
2056 1804 274
2040 1804 274
2023 1806 274
2006 1810 274
1989 1815 274
1972 1821 274
1955 1828 274
1938 1837 274
1923 1847 274
1908 1858 274
1894 1869 274
1881 1881 274
1870 1894 274
1861 1907 274
1853 1920 274
1848 1934 274
1845 1947 274
1845 1961 274
1848 1974 274
1853 1988 274
1861 2001 274
1872 2014 274
1885 2026 274
1901 2039 274
1919 2052 274
1940 2065 274
1963 2078 274
1989 2091 274
2017 2104 274
2047 2117 274
2080 2131 274
2114 2144 274
2151 2158 274
2190 2172 274
2231 2187 274
2273 2201 274
2317 2216 274
2361 2231 274
2407 2245 274
2453 2260 274
2499 2275 274
2546 2290 274
2592 2305 274
2638 2319 274
2683 2334 274
2726 2348 274
2769 2362 274
2810 2376 274
2850 2389 274
2887 2403 274
2924 2417 274
2959 2431 274
2993 2446 274
3026 2463 274
3058 2480 274
3090 2500 274
3121 2522 274
3152 2545 274
3183 2572 274
3215 2601 274
3246 2634 274
3278 2670 274
3310 2710 274
3343 2754 274
3377 2802 274
3411 2852 274
3445 2905 274
3480 2960 274
3514 3017 274
3548 3075 274
287 3133 274
320 3191 274
353 3248 274
384 3305 274
415 3359 274
444 3412 274
471 3462 274
497 3509 274
522 3552 274
544 296 274
564 330 274
583 358 274
599 381 274
613 396 274
624 405 274
634 405 274
641 397 274
645 380 274
647 353 274
646 316 274
642 3563 274
635 3503 274
625 3431 274
613 3347 274
598 3253 274
583 3151 274
567 3044 274
553 2934 274
541 2824 274
532 2717 274
528 2615 274
529 2521 274
536 2437 274
551 2365 274
574 2309 274
607 2271 274
651 2253 274
706 2258 274
773 2288 274
852 2340 274
940 2412 274
1035 2501 274
1137 2605 274
1242 2719 274
1351 2842 274
1460 2971 274
1568 3103 274
1674 3234 274
1776 3363 274
1872 3486 274
1960 305 274
2039 408 274
2108 497 274
2164 569 274
2208 626 274
2243 669 274
2268 698 274
2285 717 274
2295 725 274
2299 725 274
2299 717 274
2296 704 274
2290 687 274
2283 666 274
2277 644 274
2271 622 274
2268 601 274
2268 583 274
2273 569 274
2282 559 274
2295 552 274
2311 548 274
2332 547 274
2355 548 274
2381 551 274
2409 556 274
2440 563 274
2473 570 274
2507 578 274
2542 587 274
2578 595 274
2615 603 274
2652 611 274
2690 617 274
2727 623 274
2764 627 274
2800 631 274
2837 634 274
2873 636 274
2908 638 274
2943 639 274
2977 639 274
3010 639 274
3043 639 274
3074 638 274
3105 637 274
3134 636 274
3162 635 274
3189 633 274
3214 632 274
3239 630 274
3263 628 274
3286 626 274
3308 624 274
3329 621 274
3350 618 274
3371 614 274
3392 611 274
3412 606 274
3433 601 274
3453 596 274
3474 590 274
3496 584 274
3518 576 274
3540 569 274
3563 561 274
293 552 274
317 544 274
343 537 274
370 529 274
398 523 274
427 517 274
458 512 274
490 509 274
524 506 274
559 506 274
595 507 274
634 510 274
674 515 274
716 522 274
759 529 274
804 536 274
848 541 274
894 545 274
939 546 274
985 543 274
1030 536 274
1074 524 274
1117 505 274
1159 480 274
1200 447 274
1238 405 274
1275 354 274
1309 293 274
1341 3518 274
1371 3441 274
1399 3357 274
1426 3267 274
1451 3174 274
1474 3078 274
1497 2980 274
1518 2881 274
1539 2784 274
1559 2689 274
1578 2596 274
1598 2509 274
1617 2427 274
1636 2352 274
1656 2285 274
1675 2225 274
1695 2173 274
1715 2127 274
1734 2086 274
1752 2051 274
1771 2021 274
1788 1994 274
1804 1971 274
1820 1951 274
1834 1933 274
1847 1916 274
1859 1901 274
1868 1886 274
1876 1871 274
1883 1855 274
1887 1839 274
1890 1822 274
1892 1804 274
1892 1786 274
1892 1768 274
1891 1749 274
1890 1730 274
1888 1711 274
1886 1691 274
1884 1671 274
1882 1651 274
1881 1632 274
1881 1612 274
1882 1592 274
1884 1573 274
1886 1554 274
1890 1535 274
1894 1517 274
1898 1499 274
1902 1482 274
1907 1466 274
1911 1451 274
1915 1436 274
1918 1423 274
1920 1411 274
1922 1400 274
1922 1390 274
1921 1382 274
1918 1376 274
1914 1371 274
1907 1367 274
1898 1366 274
1886 1366 274
1871 1367 274
1853 1371 274
1831 1376 274
1805 1383 274
1775 1392 274
1739 1402 274
1699 1414 274
1653 1428 274
1602 1444 274
1545 1461 274
2792 765 274
2778 760 274
2764 753 274
2751 746 274
2737 738 274
2723 729 274
2710 720 274
2697 710 274
2685 699 274
2674 688 274
2663 677 274
2653 665 274
2643 654 274
2635 642 274
2628 630 274
2622 619 274
2617 607 274
2614 596 274
2611 586 274
2610 575 274
2610 565 274
2612 556 274
2614 546 274
2617 537 274
2622 529 274
2627 521 274
2634 514 274
2641 507 274
2649 501 274
2659 495 274
2669 490 274
2680 485 274
2691 481 274
2703 478 274
2716 475 274
2728 472 274
2740 470 274
2752 468 274
2763 466 274
2774 464 274
2783 462 274
2791 460 274
2798 458 274
2803 456 274
2806 453 274
2808 450 274
2807 446 274
2804 443 274
2800 439 274
2795 435 274
2790 432 274
2784 429 274
2779 427 274
2775 426 274
2772 426 274
2771 427 274
2771 430 274
2775 435 274
2781 441 274
2791 449 274
2805 460 274
2823 473 274
2845 488 274
2870 505 274
2897 523 274
2926 542 274
2956 561 274
2987 580 274
3018 599 274
3048 617 274
3076 634 274
3103 649 274
3126 662 274
3147 673 274
3164 680 274
3176 685 274
3183 685 274
3185 683 274
3183 679 274
3178 673 274
3170 666 274
3159 659 274
3147 653 274
3133 648 274
3119 645 274
3105 644 274
3091 648 274
3078 655 274
3066 667 274
3057 685 274
3050 709 274
3046 740 274
3046 778 274
3047 820 274
3051 868 274
3057 919 274
3064 973 274
3073 1030 274
3082 1088 274
3092 1147 274
3102 1206 274
3111 1264 274
3120 1320 274
3128 1373 274
3135 1424 274
3140 1470 274
3143 1512 274
3144 1548 274
3142 1580 274
3138 1607 274
3130 1629 274
3119 1646 274
3104 1659 274
3085 1666 274
3061 1669 274
3034 1666 274
3001 1659 274
2963 1647 274
2919 1630 274
2870 1608 274
2814 1581 274
2753 1549 274
2686 1514 274
2614 1474 274
2539 1432 274
2462 1388 274
2383 1342 274
2303 1296 274
2223 1249 274
2145 1204 274
2069 1159 274
1996 1117 274
1927 1078 274
1863 1042 274
1805 1010 274
1754 983 274
1711 961 274
1675 945 274
1645 933 274
1622 925 274
1604 922 274
1592 921 274
1583 924 274
1579 929 274
1577 937 274
1579 945 274
1582 956 274
1587 966 274
1593 978 274
1599 989 274
1604 999 274
1609 1009 274
1613 1018 274
1617 1026 274
1619 1034 274
1621 1040 274
1623 1047 274
1624 1053 274
1625 1058 274
1625 1063 274
1625 1069 274
1625 1074 274
1624 1079 274
1624 1084 274
1623 1090 274
1623 1095 274
1623 1102 274
1623 1108 274
1623 1115 274
1623 1123 274
1624 1130 274
1626 1139 274
1628 1147 274
1631 1156 274
1635 1165 274
1640 1175 274
1646 1185 274
1653 1196 274
1662 1207 274
1671 1218 274
1682 1230 274
1695 1242 274
1709 1254 274
1724 1267 274
1740 1280 274
1757 1293 274
1775 1307 274
1793 1321 274
1812 1335 274
1831 1349 274
1851 1363 274
1870 1378 274
1890 1393 274
1909 1408 274
1928 1423 274
1946 1439 274
1964 1454 274
1981 1469 274
1998 1485 274
2014 1500 274
2030 1515 274
2045 1530 274
2061 1545 274
2076 1560 274
2091 1574 274
2107 1589 274
2123 1602 274
2139 1616 274
2155 1628 274
2172 1641 274
2189 1653 274
2207 1664 274
2225 1674 274
2245 1685 274
2265 1695 274
2286 1704 274
2309 1714 274
2332 1723 274
2356 1733 274
2382 1742 274
2409 1752 274
2437 1762 274
2467 1772 274
2499 1782 274
2532 1794 274
2567 1805 274
2603 1818 274
2642 1830 274
2681 1844 274
2721 1857 274
2761 1870 274
2802 1883 274
2843 1896 274
2884 1908 274
2923 1919 274
2962 1930 274
2999 1939 274
3035 1947 274
3069 1953 274
3100 1958 274
3129 1961 274
3155 1963 274
3179 1962 274
3200 1960 274
3219 1957 274
3237 1953 274
3253 1948 274
3268 1943 274
3282 1937 274
3295 1932 274
3309 1927 274
3322 1923 274
3336 1919 274
3350 1917 274
3365 1917 274
3382 1918 274
3400 1920 274
3419 1925 274
3439 1931 274
3461 1938 274
3483 1946 274
3506 1955 274
3529 1965 274
3552 1974 274
280 1984 274
304 1993 274
326 2002 274
349 2010 274
370 2017 274
391 2023 274
410 2027 274
428 2030 274
445 2031 274
461 2031 274
476 2029 274
490 2026 274
503 2023 274
515 2018 274
527 2013 274
538 2008 274
548 2002 274
558 1996 274
567 1991 274
577 1985 274
586 1980 274
595 1976 274
604 1972 274
613 1969 274
621 1967 274
630 1965 274
638 1963 274
647 1962 274
655 1961 274
662 1961 274
670 1960 274
677 1960 274
683 1959 274
690 1958 274
695 1957 274
700 1956 274
705 1954 274
709 1952 274
712 1949 274
714 1945 274
716 1940 274
717 1935 274
717 1928 274
716 1920 274
713 1911 274
710 1900 274
706 1887 274
700 1873 274
693 1856 274
684 1838 274
674 1817 274
663 1794 274
650 1768 274
636 1741 274
620 1711 274
603 1681 274
586 1648 274
567 1616 274
548 1582 274
529 1549 274
509 1515 274
489 1482 274
470 1450 274
450 1419 274
431 1390 274
413 1362 274
395 1337 274
378 1314 274
362 1292 274
346 1273 274
331 1254 274
316 1236 274
301 1219 274
286 1201 274
3566 1182 274
3550 1162 274
3534 1140 274
3517 1116 274
3499 1089 274
3480 1060 274
3460 1027 274
3439 989 274
3416 948 274
3392 901 274
3365 848 274
3336 788 274
3305 722 274
3270 647 274
3233 564 274
3192 471 274
3148 368 274
3100 3549 274
3048 3423 274
2991 3286 274
2930 3135 274
2863 2971 274
