#DAC1	DAC2	DAC3	#phi1	phi2	phi3	azimuth -- at Altitude = 05
3076	 379	 274	306.10944	 11.44596	  0.00000	000	05
3330	 358	 274	333.83735	  9.15434	  0.00000	001	05
3627	 339	 274	366.36847	  7.06394	  0.00000	002	05
3627	 323	 274	366.36847	  5.30648	  0.00000	003	05
 349	 311	 274	  8.17710	  3.99815	  0.00000	004	05
 447	 304	 274	 18.92852	  3.24029	  0.00000	005	05
 567	 302	 274	 32.01435	  3.07671	  0.00000	006	05
 615	 301	 274	 37.30432	  2.93284	  0.00000	007	05
 278	 297	 274	  0.41410	  2.55530	  0.00000	008	05
 302	 292	 274	  3.07132	  1.98349	  0.00000	009	05
 346	 286	 274	  7.89150	  1.25336	  0.00000	010	05
 428	 278	 274	 16.79523	  0.39765	  0.00000	011	05
 481	3882	 274	 22.59260	394.16087	  0.00000	012	05
 565	3819	 274	 31.79113	387.36360	  0.00000	013	05
 605	3777	 274	 36.11277	382.74935	  0.00000	014	05
 663	3708	 274	 42.46643	375.16770	  0.00000	015	05
 778	3647	 274	 55.01654	368.53850	  0.00000	016	05
 862	3632	 274	 64.22065	366.92340	  0.00000	017	05
 906	3631	 274	 69.04586	366.77005	  0.00000	018	05
 942	3622	 274	 72.97029	365.82612	  0.00000	019	05
1042	3607	 274	 83.95074	364.17933	  0.00000	020	05
1143	3595	 274	 94.93941	362.82898	  0.00000	021	05
1208	3583	 274	101.98899	361.48724	  0.00000	022	05
1247	3567	 274	106.30731	359.83675	  0.00000	023	05
1350	3550	 274	117.58950	357.94197	  0.00000	024	05
1435	3531	 274	126.79894	355.85609	  0.00000	025	05
1502	3511	 274	134.19051	353.62260	  0.00000	026	05
1527	3489	 274	136.94233	351.27670	  0.00000	027	05
1603	3467	 274	145.23175	348.84648	  0.00000	028	05
1682	3444	 274	153.78510	346.35397	  0.00000	029	05
1733	3421	 274	159.35009	343.84190	  0.00000	030	05
1774	3399	 274	163.90746	341.44430	  0.00000	031	05
1799	3379	 274	166.62635	339.25974	  0.00000	032	05
1811	3362	 274	167.97261	337.36826	  0.00000	033	05
1816	3348	 274	168.42554	335.83609	  0.00000	034	05
1816	3338	 274	168.46928	334.71747	  0.00000	035	05
1817	3332	 274	168.52650	334.05633	  0.00000	036	05
1817	3330	 274	168.56527	333.85373	  0.00000	037	05
1816	3330	 274	168.49800	333.84640	  0.00000	038	05
1816	3329	 274	168.46156	333.82046	  0.00000	039	05
1815	3328	 274	168.39036	333.67052	  0.00000	040	05
1811	3326	 274	167.94803	333.40060	  0.00000	041	05
1802	3322	 274	166.90192	333.02667	  0.00000	042	05
1785	3318	 274	165.07849	332.55734	  0.00000	043	05
1760	3313	 274	162.32657	332.01117	  0.00000	044	05
1726	3307	 274	158.64487	331.38497	  0.00000	045	05
1690	3301	 274	154.70444	330.71473	  0.00000	046	05
1649	3295	 274	150.19188	330.03173	  0.00000	047	05
1590	3287	 274	143.80163	329.23824	  0.00000	048	05
1541	3280	 274	138.37758	328.37943	  0.00000	049	05
1513	3276	 274	135.38461	328.02433	  0.00000	050	05
1503	3273	 274	134.29698	327.62052	  0.00000	051	05
1474	3268	 274	131.14198	327.15944	  0.00000	052	05
1425	3264	 274	125.69634	326.64455	  0.00000	053	05
1373	3258	 274	120.08273	326.07880	  0.00000	054	05
1339	3253	 274	116.38125	325.46469	  0.00000	055	05
1288	3247	 274	110.73412	324.80428	  0.00000	056	05
1242	3240	 274	105.76830	324.09924	  0.00000	057	05
1216	3234	 274	102.93836	323.35087	  0.00000	058	05
1210	3226	 274	102.27552	322.56018	  0.00000	059	05
1196	3219	 274	100.68532	321.72785	  0.00000	060	05
1172	3211	 274	 98.08402	320.85527	  0.00000	061	05
1151	3202	 274	 95.83222	319.94761	  0.00000	062	05
1130	3194	 274	 93.56750	319.01163	  0.00000	063	05
1100	3185	 274	 90.24399	318.05463	  0.00000	064	05
1068	3176	 274	 86.71396	317.08444	  0.00000	065	05
1052	3167	 274	 84.97067	316.10925	  0.00000	066	05
1045	3158	 274	 84.19158	315.13756	  0.00000	067	05
1035	3150	 274	 83.12906	314.17805	  0.00000	068	05
1024	3141	 274	 81.97176	313.23953	  0.00000	069	05
1014	3133	 274	 80.84125	312.33527	  0.00000	070	05
1005	3125	 274	 79.81150	311.48258	  0.00000	071	05
 996	3118	 274	 78.92362	310.69065	  0.00000	072	05
 990	3111	 274	 78.19685	309.96698	  0.00000	073	05
 985	3105	 274	 77.63633	309.31756	  0.00000	074	05
 981	3100	 274	 77.23866	308.74706	  0.00000	075	05
 979	3095	 274	 76.99542	308.25906	  0.00000	076	05
 978	3092	 274	 76.89543	307.85633	  0.00000	077	05
 978	3089	 274	 76.92601	307.54123	  0.00000	078	05
 979	3087	 274	 77.07361	307.31605	  0.00000	079	05
 982	3086	 274	 77.32400	307.18343	  0.00000	080	05
 985	3085	 274	 77.66235	307.14672	  0.00000	081	05
 989	3086	 274	 78.07324	307.21033	  0.00000	082	05
 993	3087	 274	 78.54070	307.37997	  0.00000	083	05
 998	3090	 274	 79.04835	307.66274	  0.00000	084	05
1002	3094	 274	 79.57975	308.06710	  0.00000	085	05
1007	3099	 274	 80.11875	308.60253	  0.00000	086	05
1012	3105	 274	 80.64998	309.27898	  0.00000	087	05
1017	3112	 274	 81.15937	310.10588	  0.00000	088	05
1021	3121	 274	 81.63457	311.09075	  0.00000	089	05
1025	3132	 274	 82.06532	312.23730	  0.00000	090	05
1029	3144	 274	 82.44497	313.53940	  0.00000	091	05
1032	3157	 274	 82.77396	314.95917	  0.00000	092	05
1034	3171	 274	 83.05466	316.46602	  0.00000	093	05
1036	3185	 274	 83.28974	318.03237	  0.00000	094	05
1038	3199	 274	 83.48197	319.62776	  0.00000	095	05
1040	3214	 274	 83.63401	321.21890	  0.00000	096	05
1041	3228	 274	 83.74818	322.76972	  0.00000	097	05
1041	3242	 274	 83.82631	324.24155	  0.00000	098	05
1042	3254	 274	 83.86947	325.59341	  0.00000	099	05
1042	3265	 274	 83.87782	326.78235	  0.00000	100	05
1042	3274	 274	 83.85039	327.76385	  0.00000	101	05
1041	3283	 274	 83.78501	328.70331	  0.00000	102	05
1040	3298	 274	 83.67811	330.37457	  0.00000	103	05
1039	3310	 274	 83.52473	331.72794	  0.00000	104	05
1037	3320	 274	 83.31848	332.81636	  0.00000	105	05
1034	3327	 274	 83.05161	333.54094	  0.00000	106	05
1031	3330	 274	 82.71519	333.84156	  0.00000	107	05
1027	3330	 274	 82.29934	333.85733	  0.00000	108	05
1023	3337	 274	 81.79359	334.62578	  0.00000	109	05
1017	3355	 274	 81.18738	336.65107	  0.00000	110	05
1011	3382	 274	 80.47069	339.59001	  0.00000	111	05
1003	3414	 274	 79.63485	343.06722	  0.00000	112	05
 994	3447	 274	 78.67356	346.70115	  0.00000	113	05
 984	3478	 274	 77.58402	350.11292	  0.00000	114	05
 973	3507	 274	 76.36838	353.20598	  0.00000	115	05
 961	3532	 274	 75.07046	355.94938	  0.00000	116	05
 949	3554	 274	 73.78752	358.31870	  0.00000	117	05
 938	3572	 274	 72.55957	360.29671	  0.00000	118	05
 928	3586	 274	 71.43298	361.87389	  0.00000	119	05
 919	3597	 274	 70.46416	363.04885	  0.00000	120	05
 912	3608	 274	 69.72205	364.30763	  0.00000	121	05
 908	3621	 274	 69.28823	365.67179	  0.00000	122	05
 908	3629	 274	 69.23074	366.54899	  0.00000	123	05
 907	3632	 274	 69.17198	366.91945	  0.00000	124	05
 905	3632	 274	 68.92149	366.88394	  0.00000	125	05
 901	3647	 274	 68.47716	368.51064	  0.00000	126	05
 895	3692	 274	 67.85687	373.48512	  0.00000	127	05
 888	3752	 274	 67.07198	379.99909	  0.00000	128	05
 879	3801	 274	 66.12707	385.30075	  0.00000	129	05
 869	3842	 274	 65.03333	389.81375	  0.00000	130	05
 858	3897	 274	 63.83154	395.81464	  0.00000	131	05
 847	3932	 274	 62.57955	399.70841	  0.00000	132	05
 834	3935	 274	 61.21207	400.02886	  0.00000	133	05
 820	 283	 274	 59.67413	  0.97022	  0.00000	134	05
 806	 292	 274	 58.07402	  1.90831	  0.00000	135	05
 794	 298	 274	 56.78304	  2.64683	  0.00000	136	05
 787	 302	 274	 55.98801	  3.04869	  0.00000	137	05
 779	 304	 274	 55.18652	  3.27085	  0.00000	138	05
 771	 318	 274	 54.31238	  4.75339	  0.00000	139	05
 763	 344	 274	 53.45941	  7.58681	  0.00000	140	05
 756	 379	 274	 52.70153	 11.41790	  0.00000	141	05
 751	 414	 274	 52.09523	 15.26278	  0.00000	142	05
 747	 438	 274	 51.68259	 17.90525	  0.00000	143	05
 745	 449	 274	 51.49433	 19.06172	  0.00000	144	05
 746	 509	 274	 51.55188	 25.70433	  0.00000	145	05
 749	 536	 274	 51.86764	 28.64647	  0.00000	146	05
 754	 584	 274	 52.44213	 33.81844	  0.00000	147	05
 762	 604	 274	 53.25666	 36.00554	  0.00000	148	05
 771	 627	 274	 54.25997	 38.56375	  0.00000	149	05
 781	 688	 274	 55.34677	 45.27911	  0.00000	150	05
 790	 774	 274	 56.33307	 54.58082	  0.00000	151	05
 804	 840	 274	 57.86450	 61.88113	  0.00000	152	05
 824	 891	 274	 60.10500	 67.45039	  0.00000	153	05
 844	 908	 274	 62.24434	 69.21844	  0.00000	154	05
 861	 964	 274	 64.16348	 75.41974	  0.00000	155	05
 878	1048	 274	 65.99346	 84.61293	  0.00000	156	05
 892	1147	 274	 67.53148	 95.32517	  0.00000	157	05
 902	1208	 274	 68.66054	102.07220	  0.00000	158	05
 908	1251	 274	 69.21050	106.69163	  0.00000	159	05
 910	1358	 274	 69.46000	118.44299	  0.00000	160	05
 928	1456	 274	 71.48258	129.11853	  0.00000	161	05
 964	1512	 274	 75.39494	135.27265	  0.00000	162	05
1009	1577	 274	 80.25320	142.38012	  0.00000	163	05
1043	1690	 274	 84.00534	154.69355	  0.00000	164	05
1072	1774	 274	 87.22191	163.83352	  0.00000	165	05
1132	1815	 274	 93.73370	168.36905	  0.00000	166	05
1165	1856	 274	 97.28935	172.82434	  0.00000	167	05
1198	1936	 274	100.98051	181.59640	  0.00000	168	05
1210	2038	 274	102.30915	192.76195	  0.00000	169	05
1231	2106	 274	104.58900	200.13438	  0.00000	170	05
1280	2127	 274	109.86678	202.46853	  0.00000	171	05
1339	2180	 274	116.34640	208.24748	  0.00000	172	05
1376	2248	 274	120.39681	215.67547	  0.00000	173	05
1438	2299	 274	127.14867	221.26545	  0.00000	174	05
1486	2323	 274	132.42297	223.81502	  0.00000	175	05
1510	2343	 274	135.08099	226.01912	  0.00000	176	05
1526	2350	 274	136.83640	226.80652	  0.00000	177	05
1577	2344	 274	142.35348	226.19783	  0.00000	178	05
1648	2323	 274	150.06930	223.90294	  0.00000	179	05
1696	2298	 274	155.36598	221.17725	  0.00000	180	05
1749	2238	 274	161.14261	214.57679	  0.00000	181	05
1789	2161	 274	165.55990	206.17257	  0.00000	182	05
1812	2118	 274	168.06542	201.49658	  0.00000	183	05
1818	2068	 274	168.68911	195.96413	  0.00000	184	05
1856	1950	 274	172.88166	183.14930	  0.00000	185	05
1905	1853	 274	178.17130	172.46577	  0.00000	186	05
1955	1810	 274	183.64077	167.85233	  0.00000	187	05
2021	1736	 274	190.91142	159.72801	  0.00000	188	05
2075	1615	 274	196.72140	146.46724	  0.00000	189	05
2109	1513	 274	200.44659	135.32665	  0.00000	190	05
2119	1430	 274	201.53838	126.29669	  0.00000	191	05
2144	1304	 274	204.31290	112.54571	  0.00000	192	05
2185	1210	 274	208.74609	102.30792	  0.00000	193	05
2234	1132	 274	214.13765	 93.74876	  0.00000	194	05
2280	1007	 274	219.16171	 80.12878	  0.00000	195	05
2312	 908	 274	222.66954	 69.21281	  0.00000	196	05
2335	 868	 274	225.13675	 64.90739	  0.00000	197	05
2359	 765	 274	227.79450	 53.65508	  0.00000	198	05
2376	 633	 274	229.60836	 39.25201	  0.00000	199	05
2388	 590	 274	230.92456	 34.48504	  0.00000	200	05
2396	 511	 274	231.79470	 25.90540	  0.00000	201	05
2400	 429	 274	232.31471	 16.89796	  0.00000	202	05
2403	 331	 274	232.55446	  6.21737	  0.00000	203	05
2402	 297	 274	232.53340	  2.50287	  0.00000	204	05
2400	3860	 274	232.23843	391.74877	  0.00000	205	05
2394	3616	 274	231.61902	365.15404	  0.00000	206	05
2384	3445	 274	230.54885	346.42477	  0.00000	207	05
2369	3324	 274	228.87757	333.27418	  0.00000	208	05
2346	3244	 274	226.33352	324.50475	  0.00000	209	05
2317	3113	 274	223.24891	310.16845	  0.00000	210	05
2282	3027	 274	219.36669	300.77016	  0.00000	211	05
2225	2997	 274	213.15201	297.53748	  0.00000	212	05
2166	2924	 274	206.74155	289.57971	  0.00000	213	05
2125	2878	 274	202.24319	284.52215	  0.00000	214	05
2110	2822	 274	200.63333	278.42041	  0.00000	215	05
2066	2780	 274	195.80191	273.76520	  0.00000	216	05
1994	2757	 274	187.86667	271.29896	  0.00000	217	05
1918	2746	 274	179.62521	270.09993	  0.00000	218	05
1857	2742	 274	172.99183	269.62739	  0.00000	219	05
1816	2742	 274	168.47659	269.65404	  0.00000	220	05
1803	2747	 274	167.02370	270.15023	  0.00000	221	05
1759	2757	 274	162.19341	271.24015	  0.00000	222	05
1694	2775	 274	155.17709	273.20135	  0.00000	223	05
1624	2805	 274	147.51205	276.47617	  0.00000	224	05
1543	2846	 274	138.60838	280.96882	  0.00000	225	05
1512	2886	 274	135.22842	285.40791	  0.00000	226	05
1481	2916	 274	131.87905	288.63512	  0.00000	227	05
1411	2966	 274	124.27032	294.07265	  0.00000	228	05
1356	3007	 274	118.21578	298.56404	  0.00000	229	05
1287	3026	 274	110.65801	300.69727	  0.00000	230	05
1228	3040	 274	104.18657	302.17535	  0.00000	231	05
1210	3095	 274	102.28757	308.21743	  0.00000	232	05
1182	3166	 274	 99.14619	316.01443	  0.00000	233	05
1144	3227	 274	 95.02121	322.61359	  0.00000	234	05
1083	3268	 274	 88.39137	327.09619	  0.00000	235	05
1044	3301	 274	 84.12033	330.75046	  0.00000	236	05
1007	3327	 274	 80.08527	333.52026	  0.00000	237	05
 961	3331	 274	 75.05868	334.01480	  0.00000	238	05
 927	3373	 274	 71.33442	338.54716	  0.00000	239	05
 910	3438	 274	 69.50109	345.68093	  0.00000	240	05
 908	3494	 274	 69.23106	351.84845	  0.00000	241	05
 906	3536	 274	 69.00185	356.40552	  0.00000	242	05
 901	3565	 274	 68.48170	359.61550	  0.00000	243	05
 895	3585	 274	 67.85330	361.75569	  0.00000	244	05
 889	3597	 274	 67.22908	363.08703	  0.00000	245	05
 884	3609	 274	 66.68217	364.32590	  0.00000	246	05
 880	3619	 274	 66.25411	365.47493	  0.00000	247	05
 878	3625	 274	 65.97660	366.16942	  0.00000	248	05
 877	3629	 274	 65.86189	366.57528	  0.00000	249	05
 877	3631	 274	 65.90721	366.79342	  0.00000	250	05
 879	3632	 274	 66.09871	366.89486	  0.00000	251	05
 882	3632	 274	 66.41357	366.92522	  0.00000	252	05
 886	3632	 274	 66.82091	366.92309	  0.00000	253	05
 890	3632	 274	 67.28552	366.92331	  0.00000	254	05
 894	3632	 274	 67.77656	366.91928	  0.00000	255	05
 899	3632	 274	 68.25434	366.85568	  0.00000	256	05
 903	3632	 274	 68.68344	366.94030	  0.00000	257	05
 906	3639	 274	 69.01462	367.69793	  0.00000	258	05
 907	3653	 274	 69.20314	369.22252	  0.00000	259	05
 908	3677	 274	 69.22968	371.80867	  0.00000	260	05
 909	3712	 274	 69.40710	375.67025	  0.00000	261	05
 916	3756	 274	 70.10278	380.41883	  0.00000	262	05
 926	3796	 274	 71.27570	384.83480	  0.00000	263	05
 941	3830	 274	 72.87783	388.54841	  0.00000	264	05
 959	3886	 274	 74.84316	394.63655	  0.00000	265	05
 979	3929	 274	 77.06244	399.38409	  0.00000	266	05
 999	3935	 274	 79.19206	400.01071	  0.00000	267	05
1016	 284	 274	 81.07331	  1.05480	  0.00000	268	05
1030	 293	 274	 82.62755	  2.11697	  0.00000	269	05
1041	 300	 274	 83.80942	  2.87261	  0.00000	270	05
1048	 302	 274	 84.61142	  3.09611	  0.00000	271	05
1053	 314	 274	 85.07826	  4.36286	  0.00000	272	05
1062	 343	 274	 86.09489	  7.50075	  0.00000	273	05
1076	 383	 274	 87.64980	 11.87562	  0.00000	274	05
1091	 420	 274	 89.22160	 15.93596	  0.00000	275	05
1103	 442	 274	 90.53876	 18.38147	  0.00000	276	05
1113	 465	 274	 91.62201	 20.88784	  0.00000	277	05
1121	 492	 274	 92.50310	 23.78163	  0.00000	278	05
1127	 553	 274	 93.21097	 30.49463	  0.00000	279	05
1132	 588	 274	 93.76677	 34.33484	  0.00000	280	05
1136	 604	 274	 94.17242	 36.04712	  0.00000	281	05
1139	 623	 274	 94.46295	 38.08640	  0.00000	282	05
1140	 665	 274	 94.66609	 42.68769	  0.00000	283	05
1142	 731	 274	 94.79946	 49.88331	  0.00000	284	05
1142	 786	 274	 94.87417	 55.87989	  0.00000	285	05
1143	 835	 274	 94.89714	 61.26855	  0.00000	286	05
1142	 874	 274	 94.87254	 65.59348	  0.00000	287	05
1142	 899	 274	 94.80253	 68.32519	  0.00000	288	05
1141	 908	 274	 94.68744	 69.23073	  0.00000	289	05
1139	 923	 274	 94.52580	 70.95140	  0.00000	290	05
1137	 972	 274	 94.31412	 76.27196	  0.00000	291	05
1135	1026	 274	 94.04673	 82.10851	  0.00000	292	05
1132	1054	 274	 93.71562	 85.17322	  0.00000	293	05
1128	1115	 274	 93.31412	 91.83548	  0.00000	294	05
1124	1154	 274	 92.85597	 96.10484	  0.00000	295	05
1119	1184	 274	 92.34490	 99.42191	  0.00000	296	05
1114	1207	 274	 91.78259	101.92692	  0.00000	297	05
1109	1212	 274	 91.17169	102.45140	  0.00000	298	05
1103	1224	 274	 90.51580	103.77207	  0.00000	299	05
1096	1245	 274	 89.81953	106.04958	  0.00000	300	05
1089	1269	 274	 89.08457	108.67425	  0.00000	301	05
1082	1292	 274	 88.29666	111.23066	  0.00000	302	05
1075	1311	 274	 87.46130	113.31738	  0.00000	303	05
1067	1325	 274	 86.63377	114.82773	  0.00000	304	05
1060	1334	 274	 85.87018	115.80962	  0.00000	305	05
1054	1339	 274	 85.26704	116.33559	  0.00000	306	05
1052	1340	 274	 84.95869	116.46483	  0.00000	307	05
1049	1338	 274	 84.65990	116.22643	  0.00000	308	05
1045	1332	 274	 84.20347	115.61917	  0.00000	309	05
1039	1323	 274	 83.55573	114.62324	  0.00000	310	05
1031	1310	 274	 82.68167	113.22012	  0.00000	311	05
1020	1294	 274	 81.54809	111.41719	  0.00000	312	05
1007	1274	 274	 80.12825	109.30236	  0.00000	313	05
 992	1255	 274	 78.40843	107.14272	  0.00000	314	05
 973	1236	 274	 76.39689	105.13856	  0.00000	315	05
 954	1221	 274	 74.25175	103.51104	  0.00000	316	05
 936	1212	 274	 72.26781	102.52149	  0.00000	317	05
 920	1210	 274	 70.61143	102.27332	  0.00000	318	05
 910	1201	 274	 69.50489	101.22329	  0.00000	319	05
 908	1181	 274	 69.23074	 99.11856	  0.00000	320	05
 906	1159	 274	 69.03854	 96.70899	  0.00000	321	05
 899	1139	 274	 68.28628	 94.48704	  0.00000	322	05
 887	1103	 274	 66.92855	 90.53443	  0.00000	323	05
 868	1058	 274	 64.85271	 85.65848	  0.00000	324	05
 842	1042	 274	 62.06850	 83.92701	  0.00000	325	05
 805	1016	 274	 58.01796	 81.05841	  0.00000	326	05
 775	 981	 274	 54.67887	 77.19346	  0.00000	327	05
 727	 945	 274	 49.52348	 73.27813	  0.00000	328	05
 672	 920	 274	 43.42349	 70.52269	  0.00000	329	05
 630	 908	 274	 38.92260	 69.26127	  0.00000	330	05
 605	 907	 274	 36.15292	 69.15411	  0.00000	331	05
 594	 901	 274	 34.97290	 68.47939	  0.00000	332	05
 563	 889	 274	 31.57131	 67.21395	  0.00000	333	05
 492	 873	 274	 23.76465	 65.41371	  0.00000	334	05
 457	 852	 274	 20.03875	 63.16055	  0.00000	335	05
 434	 827	 274	 17.52225	 60.44828	  0.00000	336	05
 390	 797	 274	 12.69741	 57.15125	  0.00000	337	05
 331	 777	 274	  6.27299	 54.95693	  0.00000	338	05
 302	 748	 274	  3.08638	 51.79872	  0.00000	339	05
 293	 713	 274	  2.06816	 47.98724	  0.00000	340	05
3935	 679	 274	399.95491	 44.20960	  0.00000	341	05
3762	 651	 274	381.08783	 41.18214	  0.00000	342	05
3627	 630	 274	366.38240	 38.91975	  0.00000	343	05
3558	 615	 274	358.78607	 37.22099	  0.00000	344	05
3430	 605	 274	344.84549	 36.14829	  0.00000	345	05
3330	 602	 274	333.86509	 35.79379	  0.00000	346	05
3311	 594	 274	331.78819	 34.94268	  0.00000	347	05
3264	 582	 274	326.73217	 33.67392	  0.00000	348	05
3209	 567	 274	320.69962	 31.97930	  0.00000	349	05
3139	 541	 274	313.05032	 29.11085	  0.00000	350	05
3075	 504	 274	306.03960	 25.08018	  0.00000	351	05
3037	 502	 274	301.88454	 24.87493	  0.00000	352	05
3027	 483	 274	300.76950	 22.80648	  0.00000	353	05
3025	 458	 274	300.58295	 20.10280	  0.00000	354	05
3022	 446	 274	300.22165	 18.83434	  0.00000	355	05
3021	 441	 274	300.14762	 18.19423	  0.00000	356	05
3024	 431	 274	300.45177	 17.11656	  0.00000	357	05
3027	 417	 274	300.76764	 15.61768	  0.00000	358	05
3034	 400	 274	301.54109	 13.71442	  0.00000	359	05
