#DAC1	DAC2	DAC3	#phi1	phi2	phi3	azimuth -- at Altitude = 37
 317	1286	 274	  4.64940	110.60371	  0.00000	000	37
 342	1280	 274	  7.41299	109.90606	  0.00000	001	37
 375	1274	 274	 10.98999	109.28778	  0.00000	002	37
 407	1269	 274	 14.57740	108.74744	  0.00000	003	37
 431	1265	 274	 17.17411	108.28311	  0.00000	004	37
 445	1262	 274	 18.66388	107.89280	  0.00000	005	37
 464	1259	 274	 20.79943	107.57465	  0.00000	006	37
 510	1256	 274	 25.81224	107.32712	  0.00000	007	37
 521	1255	 274	 26.93717	107.14923	  0.00000	008	37
 567	1254	 274	 32.00465	107.04081	  0.00000	009	37
 589	1253	 274	 34.45295	107.00266	  0.00000	010	37
 602	1254	 274	 35.87057	107.03679	  0.00000	011	37
 610	1255	 274	 36.75808	107.14663	  0.00000	012	37
 634	1256	 274	 39.33379	107.33712	  0.00000	013	37
 670	1259	 274	 43.29005	107.61493	  0.00000	014	37
 722	1262	 274	 48.89236	107.98844	  0.00000	015	37
 770	1267	 274	 54.19354	108.46783	  0.00000	016	37
 803	1272	 274	 57.76810	109.06499	  0.00000	017	37
 845	1279	 274	 62.35575	109.79338	  0.00000	018	37
 875	1287	 274	 65.65561	110.66727	  0.00000	019	37
 896	1296	 274	 67.98152	111.67478	  0.00000	020	37
 907	1306	 274	 69.14486	112.79848	  0.00000	021	37
 911	1318	 274	 69.54289	114.02177	  0.00000	022	37
 938	1329	 274	 72.51485	115.31585	  0.00000	023	37
 986	1342	 274	 77.82442	116.63585	  0.00000	024	37
1032	1353	 274	 82.79507	117.91633	  0.00000	025	37
1057	1364	 274	 85.53743	119.06597	  0.00000	026	37
1119	1372	 274	 92.37099	119.96140	  0.00000	027	37
1157	1382	 274	 96.49650	121.08798	  0.00000	028	37
1191	1402	 274	100.20254	123.27199	  0.00000	029	37
1210	1427	 274	102.30502	125.92428	  0.00000	030	37
1221	1450	 274	103.50620	128.43117	  0.00000	031	37
1258	1470	 274	107.45538	130.63319	  0.00000	032	37
1311	1486	 274	113.27132	132.42799	  0.00000	033	37
1358	1499	 274	118.38139	133.87035	  0.00000	034	37
1389	1509	 274	121.76931	134.89445	  0.00000	035	37
1445	1513	 274	127.92137	135.36819	  0.00000	036	37
1484	1521	 274	132.24278	136.20739	  0.00000	037	37
1507	1539	 274	134.70528	138.16018	  0.00000	038	37
1514	1565	 274	135.48568	141.02897	  0.00000	039	37
1542	1599	 274	138.49409	144.72811	  0.00000	040	37
1587	1636	 274	143.42093	148.85583	  0.00000	041	37
1641	1670	 274	149.37924	152.50919	  0.00000	042	37
1684	1693	 274	154.04823	155.06566	  0.00000	043	37
1716	1720	 274	157.59261	158.00721	  0.00000	044	37
1753	1748	 274	161.59787	161.08511	  0.00000	045	37
1782	1773	 274	164.75191	163.74111	  0.00000	046	37
1802	1792	 274	166.97036	165.87586	  0.00000	047	37
1814	1806	 274	168.21142	167.42802	  0.00000	048	37
1816	1814	 274	168.47820	168.29983	  0.00000	049	37
1828	1816	 274	169.77369	168.48013	  0.00000	050	37
1855	1826	 274	172.70460	169.55055	  0.00000	051	37
1884	1850	 274	175.85247	172.13553	  0.00000	052	37
1909	1877	 274	178.61580	175.16943	  0.00000	053	37
1934	1903	 274	181.33573	177.94123	  0.00000	054	37
1961	1928	 274	184.30426	180.67632	  0.00000	055	37
1994	1956	 274	187.92923	183.73988	  0.00000	056	37
2021	1992	 274	190.85415	187.70453	  0.00000	057	37
2044	2024	 274	193.33364	191.14679	  0.00000	058	37
2062	2051	 274	195.35512	194.17837	  0.00000	059	37
2077	2074	 274	196.94077	196.71135	  0.00000	060	37
2088	2093	 274	198.13732	198.70239	  0.00000	061	37
2096	2106	 274	199.01166	200.14883	  0.00000	062	37
2101	2114	 274	199.63043	201.06972	  0.00000	063	37
2105	2118	 274	200.05181	201.49690	  0.00000	064	37
2108	2119	 274	200.32295	201.53772	  0.00000	065	37
2109	2128	 274	200.47910	202.53692	  0.00000	066	37
2110	2138	 274	200.54403	203.59990	  0.00000	067	37
2109	2149	 274	200.53124	204.82828	  0.00000	068	37
2109	2161	 274	200.44588	206.17204	  0.00000	069	37
2107	2174	 274	200.28680	207.59259	  0.00000	070	37
2105	2187	 274	200.04885	209.06081	  0.00000	071	37
2102	2201	 274	199.72492	210.55547	  0.00000	072	37
2098	2215	 274	199.30789	212.06181	  0.00000	073	37
2094	2229	 274	198.79221	213.56268	  0.00000	074	37
2088	2242	 274	198.17513	215.00516	  0.00000	075	37
2081	2254	 274	197.45758	216.37085	  0.00000	076	37
2074	2266	 274	196.64462	217.65221	  0.00000	077	37
2066	2277	 274	195.74556	218.84446	  0.00000	078	37
2057	2287	 274	194.77377	219.94389	  0.00000	079	37
2047	2296	 274	193.74621	220.94643	  0.00000	080	37
2038	2305	 274	192.68269	221.84625	  0.00000	081	37
2028	2312	 274	191.60545	222.63446	  0.00000	082	37
2018	2318	 274	190.53818	223.29776	  0.00000	083	37
2009	2323	 274	189.50506	223.81691	  0.00000	084	37
2000	2332	 274	188.53008	224.86157	  0.00000	085	37
1991	2341	 274	187.63644	225.88015	  0.00000	086	37
1972	2351	 274	185.53520	226.94205	  0.00000	087	37
1989	2361	 274	187.39368	227.96675	  0.00000	088	37
1974	2369	 274	185.72679	228.90512	  0.00000	089	37
1967	2378	 274	184.93483	229.84804	  0.00000	090	37
1965	2386	 274	184.75565	230.76737	  0.00000	091	37
1965	2394	 274	184.71283	231.62655	  0.00000	092	37
1965	2401	 274	184.77229	232.40065	  0.00000	093	37
1966	2407	 274	184.90210	233.09237	  0.00000	094	37
1968	2413	 274	185.09590	233.66845	  0.00000	095	37
1973	2417	 274	185.58585	234.11298	  0.00000	096	37
1979	2420	 274	186.23410	234.41785	  0.00000	097	37
1983	2421	 274	186.68088	234.58168	  0.00000	098	37
1982	2421	 274	186.59091	234.61513	  0.00000	099	37
1975	2422	 274	185.84847	234.68884	  0.00000	100	37
1967	2425	 274	184.99884	234.96186	  0.00000	101	37
1963	2429	 274	184.50338	235.41332	  0.00000	102	37
1956	2434	 274	183.81041	235.94736	  0.00000	103	37
1948	2438	 274	182.91797	236.48423	  0.00000	104	37
1938	2443	 274	181.83345	236.96065	  0.00000	105	37
1927	2446	 274	180.56745	237.32845	  0.00000	106	37
1913	2448	 274	179.12029	237.55219	  0.00000	107	37
1898	2449	 274	177.45812	237.60666	  0.00000	108	37
1880	2448	 274	175.47472	237.47551	  0.00000	109	37
1858	2445	 274	173.00646	237.15270	  0.00000	110	37
1833	2440	 274	170.37452	236.64891	  0.00000	111	37
1817	2434	 274	168.59966	236.00533	  0.00000	112	37
1815	2428	 274	168.37792	235.31799	  0.00000	113	37
1805	2423	 274	167.31247	234.77598	  0.00000	114	37
1783	2421	 274	164.89130	234.61525	  0.00000	115	37
1747	2420	 274	160.96067	234.48492	  0.00000	116	37
1697	2415	 274	155.45622	233.92455	  0.00000	117	37
1649	2405	 274	150.23103	232.78609	  0.00000	118	37
1572	2388	 274	141.82543	230.95388	  0.00000	119	37
1519	2363	 274	135.97395	228.24094	  0.00000	120	37
1500	2326	 274	133.92336	224.15591	  0.00000	121	37
1442	2293	 274	127.62411	220.63944	  0.00000	122	37
1365	2238	 274	119.22146	214.54558	  0.00000	123	37
1282	2177	 274	110.11684	207.94046	  0.00000	124	37
1215	2133	 274	102.80630	203.07137	  0.00000	125	37
1186	2116	 274	 99.65553	201.29110	  0.00000	126	37
1119	2087	 274	 92.26778	198.10372	  0.00000	127	37
1035	2031	 274	 83.14543	191.98079	  0.00000	128	37
 945	1957	 274	 73.30237	183.89974	  0.00000	129	37
 908	1902	 274	 69.22237	177.81512	  0.00000	130	37
 882	1848	 274	 66.40304	171.93820	  0.00000	131	37
 816	1816	 274	 59.23176	168.47383	  0.00000	132	37
 737	1807	 274	 50.56731	167.44904	  0.00000	133	37
 642	1775	 274	 40.24055	163.94579	  0.00000	134	37
 604	1725	 274	 36.03463	158.52854	  0.00000	135	37
 572	1676	 274	 32.52934	153.14008	  0.00000	136	37
 502	1607	 274	 24.90307	145.66594	  0.00000	137	37
 445	1543	 274	 18.64968	138.66274	  0.00000	138	37
 403	1513	 274	 14.09885	135.38002	  0.00000	139	37
 333	1498	 274	  6.42420	133.73742	  0.00000	140	37
 302	1460	 274	  3.07706	129.62653	  0.00000	141	37
 288	1399	 274	  1.53608	122.93374	  0.00000	142	37
3907	1361	 274	396.89229	118.76391	  0.00000	143	37
3682	1314	 274	372.32967	113.59565	  0.00000	144	37
3614	1260	 274	364.97204	107.75414	  0.00000	145	37
3547	1224	 274	357.56835	103.81948	  0.00000	146	37
3442	1210	 274	346.08350	102.30865	  0.00000	147	37
3347	1202	 274	335.78175	101.36912	  0.00000	148	37
3330	1177	 274	333.84078	 98.69473	  0.00000	149	37
3319	1153	 274	332.71442	 96.08045	  0.00000	150	37
3303	1131	 274	330.89004	 93.58427	  0.00000	151	37
3290	1095	 274	329.55412	 89.73212	  0.00000	152	37
3285	1060	 274	328.93786	 85.85137	  0.00000	153	37
3289	1048	 274	329.39746	 84.59807	  0.00000	154	37
3300	1037	 274	330.56769	 83.33832	  0.00000	155	37
3314	1023	 274	332.19633	 81.78373	  0.00000	156	37
3327	1008	 274	333.57756	 80.17554	  0.00000	157	37
3330	 994	 274	333.85985	 78.66527	  0.00000	158	37
3369	 982	 274	338.18728	 77.34065	  0.00000	159	37
3458	 972	 274	347.90723	 76.24617	  0.00000	160	37
3544	 964	 274	357.32804	 75.41422	  0.00000	161	37
3600	 959	 274	363.37659	 74.85143	  0.00000	162	37
3632	 956	 274	366.92297	 74.52517	  0.00000	163	37
3790	 955	 274	384.20401	 74.41223	  0.00000	164	37
3932	 956	 274	399.62512	 74.49940	  0.00000	165	37
 288	 959	 274	  1.48188	 74.78269	  0.00000	166	37
 301	 963	 274	  2.96887	 75.26592	  0.00000	167	37
 310	 969	 274	  3.89908	 75.95883	  0.00000	168	37
 349	 977	 274	  8.22108	 76.85651	  0.00000	169	37
 402	 987	 274	 14.00499	 77.91723	  0.00000	170	37
 437	 998	 274	 17.82989	 79.10896	  0.00000	171	37
 458	1010	 274	 20.08018	 80.38670	  0.00000	172	37
 493	1022	 274	 23.89553	 81.68880	  0.00000	173	37
 554	1033	 274	 30.55547	 82.93437	  0.00000	174	37
 589	1043	 274	 34.37799	 84.02128	  0.00000	175	37
 604	1050	 274	 36.03142	 84.82476	  0.00000	176	37
 619	1059	 274	 37.73605	 85.78918	  0.00000	177	37
 653	1083	 274	 41.36451	 88.40775	  0.00000	178	37
 702	1110	 274	 46.75982	 91.28679	  0.00000	179	37
 754	1132	 274	 52.41692	 93.77374	  0.00000	180	37
 788	1148	 274	 56.13105	 95.47283	  0.00000	181	37
 821	1161	 274	 59.72130	 96.90997	  0.00000	182	37
 850	1177	 274	 62.92962	 98.63117	  0.00000	183	37
 871	1193	 274	 65.26234	100.36451	  0.00000	184	37
 887	1205	 274	 66.98319	101.72969	  0.00000	185	37
 898	1210	 274	 68.14116	102.30705	  0.00000	186	37
 904	1213	 274	 68.85531	102.56748	  0.00000	187	37
 907	1222	 274	 69.18588	103.56613	  0.00000	188	37
 908	1238	 274	 69.22945	105.31485	  0.00000	189	37
 909	1260	 274	 69.40507	107.72401	  0.00000	190	37
 914	1287	 274	 69.96400	110.69343	  0.00000	191	37
 921	1316	 274	 70.72856	113.84590	  0.00000	192	37
 929	1342	 274	 71.58224	116.70132	  0.00000	193	37
 937	1363	 274	 72.44350	118.93679	  0.00000	194	37
 945	1375	 274	 73.25741	120.33559	  0.00000	195	37
 951	1399	 274	 73.98903	122.95453	  0.00000	196	37
 957	1430	 274	 74.61843	126.29655	  0.00000	197	37
 962	1456	 274	 75.13674	129.12769	  0.00000	198	37
 965	1476	 274	 75.54326	131.33840	  0.00000	199	37
 968	1491	 274	 75.84313	132.98342	  0.00000	200	37
 970	1502	 274	 76.04570	134.20806	  0.00000	201	37
 971	1510	 274	 76.16311	135.00435	  0.00000	202	37
 972	1513	 274	 76.20949	135.36232	  0.00000	203	37
 971	1517	 274	 76.20056	135.84206	  0.00000	204	37
 971	1528	 274	 76.15208	136.95134	  0.00000	205	37
 970	1541	 274	 76.07979	138.42600	  0.00000	206	37
 970	1557	 274	 75.99974	140.15901	  0.00000	207	37
 969	1574	 274	 75.92771	142.05317	  0.00000	208	37
 969	1592	 274	 75.87918	144.02141	  0.00000	209	37
 968	1610	 274	 75.86951	145.97881	  0.00000	210	37
 969	1626	 274	 75.91219	147.75661	  0.00000	211	37
 970	1641	 274	 76.01302	149.29736	  0.00000	212	37
 971	1652	 274	 76.17621	150.60242	  0.00000	213	37
 973	1662	 274	 76.40446	151.68639	  0.00000	214	37
 976	1670	 274	 76.70031	152.57153	  0.00000	215	37
 979	1677	 274	 77.06611	153.28360	  0.00000	216	37
 983	1682	 274	 77.50348	153.84908	  0.00000	217	37
 988	1686	 274	 78.01301	154.29323	  0.00000	218	37
 993	1689	 274	 78.59371	154.63900	  0.00000	219	37
 999	1692	 274	 79.24248	154.90649	  0.00000	220	37
1006	1694	 274	 79.95330	155.11274	  0.00000	221	37
1013	1695	 274	 80.71627	155.27187	  0.00000	222	37
1020	1696	 274	 81.51647	155.39537	  0.00000	223	37
1028	1697	 274	 82.33246	155.49241	  0.00000	224	37
1035	1698	 274	 83.13466	155.57275	  0.00000	225	37
1042	1700	 274	 83.88324	155.75339	  0.00000	226	37
1048	1702	 274	 84.52575	156.02638	  0.00000	227	37
1052	1704	 274	 84.99435	156.27596	  0.00000	228	37
1061	1706	 274	 85.93387	156.47666	  0.00000	229	37
1079	1708	 274	 87.98421	156.69247	  0.00000	230	37
1101	1710	 274	 90.38216	156.94119	  0.00000	231	37
1122	1713	 274	 92.61930	157.21251	  0.00000	232	37
1139	1716	 274	 94.51278	157.52896	  0.00000	233	37
1151	1719	 274	 95.84686	157.90770	  0.00000	234	37
1164	1723	 274	 97.23155	158.32996	  0.00000	235	37
1179	1728	 274	 98.90299	158.84272	  0.00000	236	37
1195	1733	 274	100.58687	159.36096	  0.00000	237	37
1207	1738	 274	101.88850	159.94404	  0.00000	238	37
1210	1744	 274	102.30842	160.60263	  0.00000	239	37
1215	1751	 274	102.80127	161.33623	  0.00000	240	37
1229	1758	 274	104.28588	162.13754	  0.00000	241	37
1251	1766	 274	106.79109	162.98591	  0.00000	242	37
1283	1774	 274	110.23897	163.85714	  0.00000	243	37
1319	1782	 274	114.16544	164.72478	  0.00000	244	37
1351	1789	 274	117.65053	165.55950	  0.00000	245	37
1372	1797	 274	119.96115	166.34361	  0.00000	246	37
1400	1803	 274	123.06248	167.05339	  0.00000	247	37
1441	1808	 274	127.50904	167.65181	  0.00000	248	37
1473	1813	 274	130.95697	168.10673	  0.00000	249	37
1494	1815	 274	133.32000	168.38600	  0.00000	250	37
1508	1816	 274	134.82764	168.46155	  0.00000	251	37
1513	1817	 274	135.38354	168.56832	  0.00000	252	37
1526	1823	 274	136.75150	169.26440	  0.00000	253	37
1549	1835	 274	139.30083	170.53299	  0.00000	254	37
1580	1850	 274	142.67374	172.18938	  0.00000	255	37
1615	1867	 274	146.56307	174.03043	  0.00000	256	37
1649	1883	 274	150.19342	175.84599	  0.00000	257	37
1675	1899	 274	153.05778	177.56134	  0.00000	258	37
1692	1915	 274	154.95077	179.26574	  0.00000	259	37
1708	1931	 274	156.69862	181.05569	  0.00000	260	37
1727	1949	 274	158.79715	183.02199	  0.00000	261	37
1742	1973	 274	160.35824	185.59082	  0.00000	262	37
1753	1995	 274	161.58839	188.03732	  0.00000	263	37
1761	2016	 274	162.49460	190.33798	  0.00000	264	37
1767	2036	 274	163.09026	192.47819	  0.00000	265	37
1769	2053	 274	163.39030	194.42064	  0.00000	266	37
1770	2069	 274	163.39775	196.13787	  0.00000	267	37
1767	2083	 274	163.09716	197.61220	  0.00000	268	37
1761	2094	 274	162.45098	198.83522	  0.00000	269	37
1751	2103	 274	161.40077	199.80791	  0.00000	270	37
1737	2110	 274	159.88958	200.54078	  0.00000	271	37
1718	2114	 274	157.77952	201.05355	  0.00000	272	37
1696	2117	 274	155.30848	201.37052	  0.00000	273	37
1676	2118	 274	153.21608	201.51868	  0.00000	274	37
1643	2119	 274	149.59445	201.53852	  0.00000	275	37
1599	2119	 274	144.79677	201.55573	  0.00000	276	37
1557	2125	 274	140.11886	202.19805	  0.00000	277	37
1525	2128	 274	136.63756	202.58328	  0.00000	278	37
1512	2132	 274	135.27865	202.95735	  0.00000	279	37
1498	2135	 274	133.69996	203.30098	  0.00000	280	37
1466	2137	 274	130.27709	203.59841	  0.00000	281	37
1413	2140	 274	124.40510	203.83709	  0.00000	282	37
1368	2141	 274	119.51968	204.00756	  0.00000	283	37
1323	2142	 274	114.59050	204.10324	  0.00000	284	37
1262	2142	 274	107.97381	204.12039	  0.00000	285	37
1220	2142	 274	103.38831	204.05805	  0.00000	286	37
1209	2140	 274	102.17158	203.91807	  0.00000	287	37
1178	2138	 274	 98.80276	203.70522	  0.00000	288	37
1140	2136	 274	 94.64408	203.42734	  0.00000	289	37
1070	2133	 274	 86.99718	203.09555	  0.00000	290	37
1034	2129	 274	 82.98289	202.72453	  0.00000	291	37
 978	2126	 274	 76.93041	202.33291	  0.00000	292	37
 925	2122	 274	 71.11066	201.94367	  0.00000	293	37
 908	2119	 274	 69.23075	201.53830	  0.00000	294	37
 900	2119	 274	 68.33786	201.53340	  0.00000	295	37
 875	2118	 274	 65.67860	201.41955	  0.00000	296	37
 838	2115	 274	 61.58318	201.13132	  0.00000	297	37
 789	2110	 274	 56.26338	200.63639	  0.00000	298	37
 743	2104	 274	 51.20555	199.90476	  0.00000	299	37
 680	2095	 274	 44.39725	198.91018	  0.00000	300	37
 635	2083	 274	 39.45780	197.63245	  0.00000	301	37
 605	2069	 274	 36.15629	196.06240	  0.00000	302	37
 600	2052	 274	 35.57248	194.20251	  0.00000	303	37
 581	2032	 274	 33.50334	192.06705	  0.00000	304	37
 543	2010	 274	 29.40923	189.68407	  0.00000	305	37
 493	1983	 274	 23.86913	186.75856	  0.00000	306	37
 470	1959	 274	 21.40358	184.07313	  0.00000	307	37
 445	1937	 274	 18.67541	181.73426	  0.00000	308	37
 429	1918	 274	 16.94186	179.63079	  0.00000	309	37
 401	1900	 274	 13.83576	177.63402	  0.00000	310	37
 363	1881	 274	  9.70736	175.59023	  0.00000	311	37
 329	1861	 274	  6.02262	173.36391	  0.00000	312	37
 307	1841	 274	  3.64323	171.16191	  0.00000	313	37
 302	1824	 274	  3.06949	169.39685	  0.00000	314	37
 297	1816	 274	  2.55843	168.51484	  0.00000	315	37
 287	1816	 274	  1.41399	168.44564	  0.00000	316	37
3935	1813	 274	400.00578	168.11580	  0.00000	317	37
3908	1806	 274	397.07035	167.38228	  0.00000	318	37
3813	1796	 274	386.62692	166.28151	  0.00000	319	37
3707	1783	 274	375.10885	164.86676	  0.00000	320	37
3632	1767	 274	366.89418	163.14844	  0.00000	321	37
3626	1749	 274	366.23086	161.17639	  0.00000	322	37
3599	1730	 274	363.33136	159.04090	  0.00000	323	37
3577	1707	 274	360.84265	156.55571	  0.00000	324	37
3545	1691	 274	357.36883	154.80667	  0.00000	325	37
3508	1674	 274	353.34550	152.97873	  0.00000	326	37
3469	1652	 274	349.11754	150.56145	  0.00000	327	37
3431	1627	 274	344.95507	147.78985	  0.00000	328	37
3398	1600	 274	341.27139	144.88767	  0.00000	329	37
3371	1576	 274	338.42115	142.22697	  0.00000	330	37
3353	1555	 274	336.44755	139.96862	  0.00000	331	37
3342	1538	 274	335.22287	138.13029	  0.00000	332	37
3336	1525	 274	334.54946	136.72354	  0.00000	333	37
3333	1517	 274	334.23058	135.75517	  0.00000	334	37
3332	1513	 274	334.11697	135.36709	  0.00000	335	37
3332	1511	 274	334.13396	135.12281	  0.00000	336	37
3334	1506	 274	334.29094	134.62554	  0.00000	337	37
3337	1500	 274	334.67492	133.91674	  0.00000	338	37
3344	1492	 274	335.43006	133.03396	  0.00000	339	37
3356	1482	 274	336.72461	132.00765	  0.00000	340	37
3374	1472	 274	338.70696	130.83532	  0.00000	341	37
3399	1459	 274	341.45225	129.48271	  0.00000	342	37
3431	1445	 274	344.90097	127.97717	  0.00000	343	37
3466	1430	 274	348.75512	126.34679	  0.00000	344	37
3502	1415	 274	352.67098	124.61727	  0.00000	345	37
3536	1399	 274	356.44379	122.89982	  0.00000	346	37
3567	1385	 274	359.81981	121.43215	  0.00000	347	37
3592	1376	 274	362.48516	120.39765	  0.00000	348	37
3615	1371	 274	364.99324	119.84723	  0.00000	349	37
3632	1365	 274	366.83626	119.23831	  0.00000	350	37
3640	1359	 274	367.76176	118.49456	  0.00000	351	37
3741	1351	 274	378.84568	117.65593	  0.00000	352	37
3822	1343	 274	387.63812	116.75638	  0.00000	353	37
3914	1334	 274	397.72166	115.82449	  0.00000	354	37
3935	1326	 274	400.00566	114.88395	  0.00000	355	37
 286	1317	 274	  1.26363	113.95413	  0.00000	356	37
 296	1309	 274	  2.37220	113.05052	  0.00000	357	37
 302	1301	 274	  2.99799	112.18524	  0.00000	358	37
 303	1293	 274	  3.20286	111.36744	  0.00000	359	37
