#DAC1	DAC2	DAC3	#phi1	phi2	phi3	azimuth -- at Altitude = 43
1110	 583	 274	 91.30158	 33.79504	  0.00000	000	43
1118	 528	 274	 92.15450	 27.72703	  0.00000	001	43
1127	 485	 274	 93.21358	 23.09383	  0.00000	002	43
1137	 447	 274	 94.33038	 18.91388	  0.00000	003	43
1146	 434	 274	 95.30605	 17.45463	  0.00000	004	43
1155	 409	 274	 96.24333	 14.75263	  0.00000	005	43
1166	 378	 274	 97.40616	 11.35720	  0.00000	006	43
1178	 350	 274	 98.80715	  8.30899	  0.00000	007	43
1192	 330	 274	100.27380	  6.08869	  0.00000	008	43
1203	 317	 274	101.54352	  4.66308	  0.00000	009	43
1210	 309	 274	102.26275	  3.85837	  0.00000	010	43
1212	 306	 274	102.42715	  3.46641	  0.00000	011	43
1218	 304	 274	103.17857	  3.31361	  0.00000	012	43
1233	 304	 274	104.72143	  3.29881	  0.00000	013	43
1254	 305	 274	107.01554	  3.40585	  0.00000	014	43
1281	 308	 274	109.98810	  3.69596	  0.00000	015	43
1311	 313	 274	113.34935	  4.28471	  0.00000	016	43
1340	 323	 274	116.47729	  5.30775	  0.00000	017	43
1363	 337	 274	118.94103	  6.87913	  0.00000	018	43
1377	 357	 274	120.50929	  9.04561	  0.00000	019	43
1406	 382	 274	123.65167	 11.73984	  0.00000	020	43
1439	 407	 274	127.27250	 14.54717	  0.00000	021	43
1466	 428	 274	130.18185	 16.84738	  0.00000	022	43
1485	 443	 274	132.32401	 18.41030	  0.00000	023	43
1499	 453	 274	133.87956	 19.52203	  0.00000	024	43
1509	 481	 274	134.89723	 22.57703	  0.00000	025	43
1513	 507	 274	135.35598	 25.39731	  0.00000	026	43
1518	 562	 274	135.92127	 31.46332	  0.00000	027	43
1530	 589	 274	137.23919	 34.37338	  0.00000	028	43
1546	 603	 274	138.97998	 35.94432	  0.00000	029	43
1564	 616	 274	140.98354	 37.30492	  0.00000	030	43
1584	 648	 274	143.11070	 40.80227	  0.00000	031	43
1604	 701	 274	145.26310	 46.64737	  0.00000	032	43
1622	 763	 274	147.29090	 53.39249	  0.00000	033	43
1638	 805	 274	149.05819	 58.00602	  0.00000	034	43
1652	 854	 274	150.55565	 63.36945	  0.00000	035	43
1663	 888	 274	151.79430	 67.04820	  0.00000	036	43
1673	 906	 274	152.79724	 69.01776	  0.00000	037	43
1680	 912	 274	153.59377	 69.66469	  0.00000	038	43
1686	 953	 274	154.21515	 74.22750	  0.00000	039	43
1690	1018	 274	154.69187	 81.29117	  0.00000	040	43
1693	1056	 274	155.05191	 85.38327	  0.00000	041	43
1696	1134	 274	155.31979	 93.93883	  0.00000	042	43
1697	1178	 274	155.51620	 98.73219	  0.00000	043	43
1701	1210	 274	155.86022	102.28607	  0.00000	044	43
1705	1229	 274	156.36967	104.37387	  0.00000	045	43
1708	1291	 274	156.71820	111.09494	  0.00000	046	43
1711	1358	 274	157.04996	118.40269	  0.00000	047	43
1714	1410	 274	157.34855	124.15757	  0.00000	048	43
1717	1477	 274	157.65632	131.45882	  0.00000	049	43
1720	1509	 274	157.96633	134.96083	  0.00000	050	43
1723	1528	 274	158.28014	137.04220	  0.00000	051	43
1726	1588	 274	158.64140	143.59846	  0.00000	052	43
1729	1664	 274	159.01328	151.91607	  0.00000	053	43
1733	1715	 274	159.39374	157.42862	  0.00000	054	43
1737	1768	 274	159.82223	163.19363	  0.00000	055	43
1741	1802	 274	160.30549	166.98861	  0.00000	056	43
1746	1816	 274	160.84886	168.45637	  0.00000	057	43
1752	1833	 274	161.45548	170.35322	  0.00000	058	43
1758	1882	 274	162.12529	175.66202	  0.00000	059	43
1765	1927	 274	162.85406	180.62922	  0.00000	060	43
1772	1980	 274	163.63246	186.44237	  0.00000	061	43
1779	2043	 274	164.44081	193.26943	  0.00000	062	43
1787	2087	 274	165.25300	198.05728	  0.00000	063	43
1794	2113	 274	166.04312	200.88494	  0.00000	064	43
1801	2119	 274	166.79234	201.53617	  0.00000	065	43
1807	2143	 274	167.45710	204.25083	  0.00000	066	43
1812	2179	 274	167.99154	208.08762	  0.00000	067	43
1815	2221	 274	168.34521	212.75940	  0.00000	068	43
1816	2265	 274	168.46150	217.50197	  0.00000	069	43
1817	2300	 274	168.59114	221.31243	  0.00000	070	43
1826	2321	 274	169.52443	223.66740	  0.00000	071	43
1841	2346	 274	171.25581	226.42119	  0.00000	072	43
1862	2368	 274	173.50206	228.78485	  0.00000	073	43
1884	2385	 274	175.88293	230.60750	  0.00000	074	43
1905	2398	 274	178.20295	232.01026	  0.00000	075	43
1928	2407	 274	180.68362	233.06793	  0.00000	076	43
1955	2414	 274	183.64136	233.82103	  0.00000	077	43
1992	2419	 274	187.74172	234.30254	  0.00000	078	43
2028	2421	 274	191.58550	234.55360	  0.00000	079	43
2060	2421	 274	195.16920	234.61537	  0.00000	080	43
2088	2422	 274	198.22645	234.68645	  0.00000	081	43
2109	2425	 274	200.45349	234.98985	  0.00000	082	43
2118	2430	 274	201.50345	235.50378	  0.00000	083	43
2128	2435	 274	202.61292	236.13222	  0.00000	084	43
2155	2441	 274	205.48419	236.80953	  0.00000	085	43
2193	2448	 274	209.68764	237.49253	  0.00000	086	43
2242	2454	 274	215.00322	238.15443	  0.00000	087	43
2289	2459	 274	220.20000	238.78010	  0.00000	088	43
2321	2465	 274	223.70179	239.36256	  0.00000	089	43
2359	2470	 274	227.84478	239.90037	  0.00000	090	43
2389	2474	 274	231.08513	240.39204	  0.00000	091	43
2410	2478	 274	233.39264	240.82420	  0.00000	092	43
2421	2481	 274	234.54418	241.18264	  0.00000	093	43
2426	2484	 274	235.12972	241.45618	  0.00000	094	43
2456	2486	 274	238.39760	241.63518	  0.00000	095	43
2494	2486	 274	242.57945	241.70891	  0.00000	096	43
2532	2486	 274	246.67422	241.66522	  0.00000	097	43
2581	2484	 274	252.08941	241.49014	  0.00000	098	43
2654	2481	 274	260.01168	241.16684	  0.00000	099	43
2698	2477	 274	264.86473	240.67416	  0.00000	100	43
2722	2471	 274	267.43590	239.99186	  0.00000	101	43
2731	2463	 274	268.44549	239.11023	  0.00000	102	43
2759	2453	 274	271.48016	238.04438	  0.00000	103	43
2812	2442	 274	277.24864	236.85771	  0.00000	104	43
2874	2431	 274	284.10209	235.69623	  0.00000	105	43
2914	2423	 274	288.42796	234.83697	  0.00000	106	43
2971	2421	 274	294.63257	234.61545	  0.00000	107	43
3012	2419	 274	299.14535	234.39407	  0.00000	108	43
3027	2412	 274	300.76931	233.60820	  0.00000	109	43
3047	2399	 274	303.02475	232.13558	  0.00000	110	43
3106	2378	 274	309.37886	229.86661	  0.00000	111	43
3173	2348	 274	316.76857	226.55773	  0.00000	112	43
3229	2314	 274	322.87936	222.84625	  0.00000	113	43
3268	2269	 274	327.08671	217.93164	  0.00000	114	43
3300	2206	 274	330.59765	211.06201	  0.00000	115	43
3326	2150	 274	333.44667	205.00506	  0.00000	116	43
3331	2119	 274	333.98758	201.53861	  0.00000	117	43
3378	2100	 274	339.08602	199.45795	  0.00000	118	43
3456	2044	 274	347.67736	193.35662	  0.00000	119	43
3525	1960	 274	355.20162	184.23234	  0.00000	120	43
3575	1894	 274	360.63319	177.02762	  0.00000	121	43
3605	1830	 274	363.88854	169.99266	  0.00000	122	43
3631	1813	 274	366.73730	168.14341	  0.00000	123	43
3638	1778	 274	367.56173	164.29603	  0.00000	124	43
3732	1709	 274	377.86119	156.83327	  0.00000	125	43
3810	1636	 274	386.35576	148.76460	  0.00000	126	43
3873	1542	 274	393.22770	138.48240	  0.00000	127	43
3923	1509	 274	398.67957	134.91658	  0.00000	128	43
3935	1460	 274	400.00310	129.57006	  0.00000	129	43
3935	1372	 274	400.00310	120.00810	  0.00000	130	43
3935	1299	 274	400.00310	111.94951	  0.00000	131	43
3935	1223	 274	400.00310	103.64572	  0.00000	132	43
3935	1201	 274	400.00310	101.29741	  0.00000	133	43
3935	1148	 274	400.00310	 95.47717	  0.00000	134	43
3935	1058	 274	400.00310	 85.68643	  0.00000	135	43
3935	1007	 274	400.00310	 80.10089	  0.00000	136	43
3935	 932	 274	400.00310	 71.83219	  0.00000	137	43
3935	 908	 274	400.00113	 69.22867	  0.00000	138	43
3907	 892	 274	396.95612	 67.54925	  0.00000	139	43
3823	 854	 274	387.75123	 63.40716	  0.00000	140	43
3728	 797	 274	377.38747	 57.18086	  0.00000	141	43
3632	 747	 274	366.92366	 51.65520	  0.00000	142	43
3606	 678	 274	364.06627	 44.08707	  0.00000	143	43
3549	 631	 274	357.86083	 38.99119	  0.00000	144	43
3434	 605	 274	345.28267	 36.15382	  0.00000	145	43
3330	 598	 274	333.85937	 35.37426	  0.00000	146	43
3297	 580	 274	330.32532	 33.38494	  0.00000	147	43
3221	 550	 274	322.03357	 30.12794	  0.00000	148	43
3081	 502	 274	306.68759	 24.90735	  0.00000	149	43
3018	 514	 274	299.85424	 26.16775	  0.00000	150	43
2903	 478	 274	287.25662	 22.23853	  0.00000	151	43
2761	 458	 274	271.69238	 20.08310	  0.00000	152	43
2705	 448	 274	265.56340	 18.96039	  0.00000	153	43
2538	 446	 274	247.40613	 18.81617	  0.00000	154	43
2424	 445	 274	234.95016	 18.69322	  0.00000	155	43
2371	 445	 274	229.08021	 18.64672	  0.00000	156	43
2214	 445	 274	211.92053	 18.68994	  0.00000	157	43
2109	 446	 274	200.48478	 18.80173	  0.00000	158	43
1951	 447	 274	183.22081	 18.93399	  0.00000	159	43
1820	 451	 274	168.91324	 19.34085	  0.00000	160	43
1768	 467	 274	163.22723	 21.06851	  0.00000	161	43
1636	 484	 274	148.77611	 22.93093	  0.00000	162	43
1513	 512	 274	135.33884	 26.01697	  0.00000	163	43
1420	 494	 274	125.24035	 24.01989	  0.00000	164	43
1291	 526	 274	111.11924	 27.48272	  0.00000	165	43
1210	 556	 274	102.24010	 30.77663	  0.00000	166	43
1130	 575	 274	 93.50671	 32.91526	  0.00000	167	43
1016	 589	 274	 81.10188	 34.38964	  0.00000	168	43
 912	 599	 274	 69.75208	 35.47388	  0.00000	169	43
 891	 604	 274	 67.42431	 36.07021	  0.00000	170	43
 820	 610	 274	 59.65735	 36.69931	  0.00000	171	43
 728	 624	 274	 49.59941	 38.28210	  0.00000	172	43
 633	 643	 274	 39.17752	 40.34158	  0.00000	173	43
 601	 668	 274	 35.74761	 43.01910	  0.00000	174	43
 563	 698	 274	 31.59499	 46.37275	  0.00000	175	43
 509	 731	 274	 25.65234	 49.87942	  0.00000	176	43
 447	 759	 274	 18.87249	 52.98139	  0.00000	177	43
 425	 780	 274	 16.47461	 55.30159	  0.00000	178	43
 384	 794	 274	 12.03164	 56.81408	  0.00000	179	43
 344	 813	 274	  7.64131	 58.91103	  0.00000	180	43
 319	 831	 274	  4.88195	 60.86013	  0.00000	181	43
 307	 844	 274	  3.57835	 62.32106	  0.00000	182	43
 303	 855	 274	  3.15763	 63.42827	  0.00000	183	43
 302	 863	 274	  3.06878	 64.34981	  0.00000	184	43
 302	 870	 274	  3.09259	 65.09617	  0.00000	185	43
 303	 875	 274	  3.19303	 65.68997	  0.00000	186	43
 308	 880	 274	  3.65528	 66.15551	  0.00000	187	43
 318	 883	 274	  4.85113	 66.51441	  0.00000	188	43
 339	 885	 274	  7.08469	 66.78588	  0.00000	189	43
 369	 887	 274	 10.40686	 66.98630	  0.00000	190	43
 405	 888	 274	 14.29243	 67.13006	  0.00000	191	43
 433	 889	 274	 17.32181	 67.22796	  0.00000	192	43
 447	 890	 274	 18.89646	 67.28831	  0.00000	193	43
 488	 890	 274	 23.36551	 67.31823	  0.00000	194	43
 520	 890	 274	 26.85707	 67.32401	  0.00000	195	43
 577	 890	 274	 33.09760	 67.31143	  0.00000	196	43
 601	 890	 274	 35.70036	 67.28606	  0.00000	197	43
 616	 890	 274	 37.37097	 67.25343	  0.00000	198	43
 659	 889	 274	 42.11083	 67.21918	  0.00000	199	43
 733	 889	 274	 50.15617	 67.18914	  0.00000	200	43
 791	 889	 274	 56.52248	 67.16926	  0.00000	201	43
 850	 889	 274	 62.91217	 67.16555	  0.00000	202	43
 889	 889	 274	 67.20291	 67.18389	  0.00000	203	43
 907	 889	 274	 69.16289	 67.22982	  0.00000	204	43
 919	 890	 274	 70.50347	 67.30818	  0.00000	205	43
 976	 891	 274	 76.73465	 67.42275	  0.00000	206	43
1037	 893	 274	 83.31475	 67.57569	  0.00000	207	43
1082	 894	 274	 88.26700	 67.76694	  0.00000	208	43
1147	 896	 274	 95.33790	 67.99269	  0.00000	209	43
1184	 899	 274	 99.42249	 68.24701	  0.00000	210	43
1210	 901	 274	102.23600	 68.51875	  0.00000	211	43
1218	 904	 274	103.16679	 68.78497	  0.00000	212	43
1248	 906	 274	106.43353	 69.01577	  0.00000	213	43
1291	 907	 274	111.15436	 69.17748	  0.00000	214	43
1334	 908	 274	115.75478	 69.23077	  0.00000	215	43
1363	 908	 274	118.98236	 69.25002	  0.00000	216	43
1380	 912	 274	120.88539	 69.66158	  0.00000	217	43
1413	 920	 274	124.40092	 70.57454	  0.00000	218	43
1443	 933	 274	127.68215	 72.04379	  0.00000	219	43
1465	 952	 274	130.08157	 74.10765	  0.00000	220	43
1480	 977	 274	131.76174	 76.76957	  0.00000	221	43
1491	1003	 274	132.94207	 79.60814	  0.00000	222	43
1499	1027	 274	133.78739	 82.21215	  0.00000	223	43
1504	1045	 274	134.37355	 84.22185	  0.00000	224	43
1507	1058	 274	134.76412	 85.61256	  0.00000	225	43
1510	1097	 274	135.01337	 89.95175	  0.00000	226	43
1511	1134	 274	135.16514	 93.99008	  0.00000	227	43
1512	1156	 274	135.25290	 96.39223	  0.00000	228	43
1512	1180	 274	135.30060	 99.01644	  0.00000	229	43
1513	1203	 274	135.32402	101.47264	  0.00000	230	43
1513	1210	 274	135.33241	102.30863	  0.00000	231	43
1513	1221	 274	135.33020	103.47726	  0.00000	232	43
1513	1250	 274	135.31860	106.58592	  0.00000	233	43
1512	1294	 274	135.29716	111.41048	  0.00000	234	43
1512	1341	 274	135.26492	116.55501	  0.00000	235	43
1512	1372	 274	135.22144	120.00258	  0.00000	236	43
1511	1418	 274	135.16747	125.01482	  0.00000	237	43
1511	1469	 274	135.10531	130.51252	  0.00000	238	43
1510	1500	 274	135.03896	133.91740	  0.00000	239	43
1509	1513	 274	134.97402	135.37173	  0.00000	240	43
1509	1537	 274	134.91626	138.02740	  0.00000	241	43
1508	1592	 274	134.86782	144.01871	  0.00000	242	43
1508	1660	 274	134.82922	151.42672	  0.00000	243	43
1508	1705	 274	134.80041	156.36422	  0.00000	244	43
1508	1758	 274	134.78086	162.14706	  0.00000	245	43
1508	1796	 274	134.76973	166.32482	  0.00000	246	43
1508	1815	 274	134.76591	168.36918	  0.00000	247	43
1508	1828	 274	134.76818	169.78536	  0.00000	248	43
1508	1881	 274	134.77518	175.57571	  0.00000	249	43
1508	1935	 274	134.78555	181.46862	  0.00000	250	43
1508	2010	 274	134.79792	189.69208	  0.00000	251	43
1508	2077	 274	134.81097	196.95299	  0.00000	252	43
1508	2115	 274	134.82342	201.12004	  0.00000	253	43
1508	2134	 274	134.83402	203.25598	  0.00000	254	43
1508	2192	 274	134.84161	209.52748	  0.00000	255	43
1508	2270	 274	134.84499	218.05728	  0.00000	256	43
1508	2323	 274	134.84298	223.85079	  0.00000	257	43
1508	2375	 274	134.83430	229.55970	  0.00000	258	43
1508	2408	 274	134.81753	233.10869	  0.00000	259	43
1508	2421	 274	134.79107	234.58971	  0.00000	260	43
1507	2433	 274	134.75297	235.93064	  0.00000	261	43
1507	2474	 274	134.70090	240.35806	  0.00000	262	43
1506	2513	 274	134.63204	244.65593	  0.00000	263	43
1505	2556	 274	134.54293	249.27481	  0.00000	264	43
1504	2619	 274	134.42941	256.21913	  0.00000	265	43
1503	2670	 274	134.28649	261.77749	  0.00000	266	43
1501	2701	 274	134.10824	265.21557	  0.00000	267	43
1499	2719	 274	133.88775	267.14365	  0.00000	268	43
1497	2724	 274	133.61702	267.69207	  0.00000	269	43
1494	2731	 274	133.28700	268.44159	  0.00000	270	43
1490	2742	 274	132.88855	269.59216	  0.00000	271	43
1486	2754	 274	132.41538	270.93942	  0.00000	272	43
1481	2767	 274	131.86236	272.34913	  0.00000	273	43
1475	2779	 274	131.21785	273.69240	  0.00000	274	43
1468	2790	 274	130.45769	274.86376	  0.00000	275	43
1460	2798	 274	129.57633	275.78979	  0.00000	276	43
1451	2804	 274	128.57149	276.42380	  0.00000	277	43
1440	2807	 274	127.44337	276.76053	  0.00000	278	43
1429	2808	 274	126.19476	276.82772	  0.00000	279	43
1417	2806	 274	124.83096	276.66190	  0.00000	280	43
1403	2803	 274	123.39806	276.30422	  0.00000	281	43
1391	2798	 274	122.04637	275.79912	  0.00000	282	43
1381	2793	 274	120.92362	275.19953	  0.00000	283	43
1374	2787	 274	120.17203	274.55851	  0.00000	284	43
1370	2781	 274	119.70075	273.91828	  0.00000	285	43
1364	2776	 274	119.08756	273.31341	  0.00000	286	43
1357	2771	 274	118.34693	272.77084	  0.00000	287	43
1350	2766	 274	117.51181	272.31082	  0.00000	288	43
1341	2763	 274	116.61459	271.94867	  0.00000	289	43
1333	2761	 274	115.68613	271.69716	  0.00000	290	43
1324	2760	 274	114.75502	271.56939	  0.00000	291	43
1316	2760	 274	113.84695	271.58231	  0.00000	292	43
1308	2761	 274	112.98434	271.76095	  0.00000	293	43
1301	2765	 274	112.18622	272.14404	  0.00000	294	43
1294	2771	 274	111.46827	272.79145	  0.00000	295	43
1289	2780	 274	110.84309	273.79465	  0.00000	296	43
1284	2794	 274	110.32135	275.29152	  0.00000	297	43
1280	2813	 274	109.91591	277.43292	  0.00000	298	43
1277	2838	 274	109.63009	280.17400	  0.00000	299	43
1276	2867	 274	109.46596	283.28866	  0.00000	300	43
1276	2893	 274	109.42452	286.15260	  0.00000	301	43
1276	2915	 274	109.49758	288.50623	  0.00000	302	43
1278	2953	 274	109.67613	292.71446	  0.00000	303	43
1280	2991	 274	109.95262	296.83242	  0.00000	304	43
1284	3017	 274	110.32035	299.68896	  0.00000	305	43
1288	3027	 274	110.77137	300.76928	  0.00000	306	43
1293	3041	 274	111.29045	302.29049	  0.00000	307	43
1298	3085	 274	111.86479	307.15396	  0.00000	308	43
1304	3144	 274	112.48128	313.55710	  0.00000	309	43
1309	3199	 274	113.12600	319.53008	  0.00000	310	43
1315	3242	 274	113.78456	324.23934	  0.00000	311	43
1322	3271	 274	114.44252	327.41117	  0.00000	312	43
1327	3297	 274	115.08586	330.26403	  0.00000	313	43
1333	3320	 274	115.70155	332.80219	  0.00000	314	43
1338	3329	 274	116.27802	333.82223	  0.00000	315	43
1343	3331	 274	116.80556	334.03217	  0.00000	316	43
1347	3352	 274	117.27663	336.25649	  0.00000	317	43
1351	3382	 274	117.68590	339.55210	  0.00000	318	43
1354	3410	 274	118.03013	342.58284	  0.00000	319	43
1357	3429	 274	118.30778	344.68182	  0.00000	320	43
1359	3437	 274	118.51840	345.57994	  0.00000	321	43
1360	3433	 274	118.66173	345.15783	  0.00000	322	43
1361	3416	 274	118.73664	343.31687	  0.00000	323	43
1361	3387	 274	118.73994	340.09124	  0.00000	324	43
1360	3351	 274	118.66511	336.15158	  0.00000	325	43
1359	3330	 274	118.50119	333.85628	  0.00000	326	43
1356	3325	 274	118.23189	333.31022	  0.00000	327	43
1353	3293	 274	117.83516	329.84151	  0.00000	328	43
1348	3251	 274	117.28357	325.29357	  0.00000	329	43
1341	3174	 274	116.54559	316.89599	  0.00000	330	43
1332	3064	 274	115.59248	304.83554	  0.00000	331	43
1321	3022	 274	114.41691	300.29245	  0.00000	332	43
1309	2938	 274	113.02937	291.04180	  0.00000	333	43
1294	2827	 274	111.45840	278.96955	  0.00000	334	43
1279	2729	 274	109.76341	268.23634	  0.00000	335	43
1263	2673	 274	108.09319	262.12808	  0.00000	336	43
1249	2519	 274	106.52836	245.30701	  0.00000	337	43
1236	2423	 274	105.13090	234.81073	  0.00000	338	43
1226	2380	 274	103.96143	230.08727	  0.00000	339	43
1217	2253	 274	103.07693	216.25619	  0.00000	340	43
1212	2119	 274	102.52829	201.53835	  0.00000	341	43
1210	2029	 274	102.30830	191.71842	  0.00000	342	43
1209	1881	 274	102.18080	175.59726	  0.00000	343	43
1204	1812	 274	101.59964	168.07997	  0.00000	344	43
1196	1730	 274	100.68327	159.10218	  0.00000	345	43
1185	1596	 274	 99.57868	144.47260	  0.00000	346	43
1175	1510	 274	 98.42007	135.04967	  0.00000	347	43
1165	1417	 274	 97.32114	124.85409	  0.00000	348	43
1156	1303	 274	 96.36909	112.43587	  0.00000	349	43
1149	1210	 274	 95.57968	102.31243	  0.00000	350	43
1142	1155	 274	 94.80047	 96.21967	  0.00000	351	43
1134	1048	 274	 93.92048	 84.58885	  0.00000	352	43
1125	 951	 274	 92.95030	 73.96455	  0.00000	353	43
1117	 907	 274	 92.05481	 69.19477	  0.00000	354	43
1110	 875	 274	 91.30833	 65.67527	  0.00000	355	43
1105	 801	 274	 90.76424	 57.62390	  0.00000	356	43
1102	 722	 274	 90.46619	 48.95758	  0.00000	357	43
1102	 638	 274	 90.44655	 39.78493	  0.00000	358	43
1104	 604	 274	 90.72422	 36.09600	  0.00000	359	43
