1824	 930	 274
1816	 913	 274
1814	 908	 274
1805	 906	 274
1789	 900	 274
1768	 888	 274
1741	 872	 274
1708	 851	 274
1683	 825	 274
1649	 794	 274
1605	 772	 274
1562	 737	 274
1531	 697	 274
1513	 660	 274
1507	 634	 274
1489	 614	 274
1460	 605	 274
1416	 598	 274
1374	 585	 274
1347	 564	 274
1304	 524	 274
1257	 496	 274
1224	 476	 274
1210	 447	 274
1199	 439	 274
1168	 422	 274
1138	 396	 274
1082	 362	 274
1045	 332	 274
1008	 310	 274
 957	 302	 274
 918	 299	 274
 908	 290	 274
 900	 276	 274
 880	3910	 274
 848	3804	 274
 801	3666	 274
 763	3631	 274
 705	3599	 274
 651	3561	 274
 617	3501	 274
 603	3424	 274
 588	3354	 274
 556	3330	 274
 492	3323	 274
 471	3300	 274
 444	3273	 274
 422	3249	 274
 383	3216	 274
 338	3177	 274
 308	3135	 274
 302	3094	 274
 292	3060	 274
3935	3037	 274
3820	3027	 274
3669	3026	 274
3628	3021	 274
3588	3013	 274
3531	3003	 274
3447	2992	 274
3362	2981	 274
3330	2971	 274
3322	2963	 274
3294	2956	 274
3267	2953	 274
3238	2951	 274
3201	2952	 274
3158	2955	 274
3113	2960	 274
3074	2967	 274
3045	2976	 274
3029	2985	 274
3027	2996	 274
3022	3006	 274
3013	3015	 274
2999	3022	 274
2984	3026	 274
2967	3027	 274
2949	3034	 274
2932	3052	 274
2917	3079	 274
2902	3113	 274
2896	3151	 274
2890	3188	 274
2883	3222	 274
2875	3251	 274
2869	3272	 274
2862	3295	 274
2857	3318	 274
2852	3329	 274
2847	3334	 274
2843	3378	 274
2840	3447	 274
2837	3513	 274
2835	3564	 274
2834	3598	 274
2833	3628	 274
2833	3637	 274
2833	3757	 274
2834	3853	 274
2836	3932	 274
2838	 279	 274
2841	 291	 274
2845	 299	 274
2849	 302	 274
2853	 307	 274
2858	 325	 274
2864	 351	 274
2870	 381	 274
2876	 410	 274
2882	 430	 274
2888	 443	 274
2893	 449	 274
2898	 483	 274
2903	 492	 274
2908	 527	 274
2916	 564	 274
2926	 584	 274
2938	 597	 274
2950	 604	 274
2963	 611	 274
2975	 627	 274
2987	 650	 274
2997	 681	 274
3006	 719	 274
3014	 755	 274
3020	 783	 274
3024	 806	 274
3026	 836	 274
3027	 858	 274
3028	 877	 274
3034	 892	 274
3043	 902	 274
3054	 907	 274
3068	 908	 274
3083	 915	 274
3098	 933	 274
3114	 958	 274
3129	 989	 274
3144	1016	 274
3158	1038	 274
3170	1051	 274
3182	1070	 274
3191	1105	 274
3200	1133	 274
3207	1150	 274
3213	1164	 274
3218	1180	 274
3222	1194	 274
3224	1205	 274
3226	1210	 274
3226	1210	 274
3225	1215	 274
3224	1222	 274
3222	1231	 274
3219	1243	 274
3216	1257	 274
3213	1271	 274
3209	1287	 274
3206	1302	 274
3204	1317	 274
3202	1331	 274
3201	1344	 274
3202	1355	 274
3203	1364	 274
3207	1371	 274
3211	1377	 274
3218	1389	 274
3226	1404	 274
3236	1421	 274
3247	1438	 274
3258	1453	 274
3269	1467	 274
3279	1479	 274
3299	1489	 274
3316	1498	 274
3328	1506	 274
3330	1511	 274
3357	1513	 274
3424	1519	 274
3501	1532	 274
3565	1552	 274
3608	1577	 274
3632	1609	 274
3761	1642	 274
3900	1672	 274
 278	1694	 274
 295	1720	 274
 302	1748	 274
 316	1772	 274
 356	1792	 274
 404	1807	 274
 437	1815	 274
 454	1817	 274
 499	1834	 274
 548	1865	 274
 587	1897	 274
 604	1928	 274
 622	1966	 274
 665	2014	 274
 730	2055	 274
 785	2089	 274
 834	2111	 274
 874	2119	 274
 899	2134	 274
 908	2164	 274
 922	2204	 274
 971	2250	 274
1026	2292	 274
1055	2319	 274
1120	2349	 274
1158	2375	 274
1192	2395	 274
1210	2409	 274
1220	2418	 274
1252	2421	 274
1298	2424	 274
1342	2438	 274
1371	2457	 274
1405	2478	 274
1449	2497	 274
1480	2514	 274
1500	2531	 274
1511	2549	 274
1516	2569	 274
1534	2599	 274
1561	2623	 274
1594	2642	 274
1631	2657	 274
1663	2670	 274
1687	2680	 274
1704	2687	 274
1730	2694	 274
1751	2698	 274
1769	2702	 274
1785	2704	 274
1797	2705	 274
1807	2705	 274
1813	2705	 274
1816	2703	 274
1816	2700	 274
1822	2696	 274
1835	2690	 274
1852	2683	 274
1870	2674	 274
1888	2662	 274
1904	2648	 274
1921	2632	 274
1938	2625	 274
1958	2581	 274
1967	2562	 274
2005	2545	 274
2026	2529	 274
2045	2514	 274
2063	2499	 274
2078	2485	 274
2091	2469	 274
2102	2452	 274
2110	2438	 274
2115	2427	 274
2118	2422	 274
2119	2421	 274
2124	2419	 274
2132	2415	 274
2141	2408	 274
2151	2400	 274
2162	2391	 274
2175	2380	 274
2187	2369	 274
2201	2357	 274
2214	2344	 274
2228	2331	 274
2241	2321	 274
2254	2313	 274
2266	2304	 274
2276	2294	 274
2286	2284	 274
2295	2273	 274
2302	2262	 274
2309	2251	 274
2314	2241	 274
2319	2230	 274
2322	2220	 274
2327	2210	 274
2334	2200	 274
2340	2191	 274
2345	2182	 274
2350	2173	 274
2356	2165	 274
2360	2157	 274
2364	2149	 274
2367	2141	 274
2371	2134	 274
2374	2128	 274
2377	2122	 274
2380	2119	 274
2383	2118	 274
2386	2115	 274
2388	2110	 274
2391	2102	 274
2393	2091	 274
2396	2077	 274
2398	2059	 274
2400	2039	 274
2402	2015	 274
2403	1989	 274
2405	1959	 274
2407	1935	 274
2408	1914	 274
2409	1894	 274
2410	1872	 274
2411	1849	 274
2412	1828	 274
2412	1817	 274
2413	1816	 274
2413	1812	 274
2413	1803	 274
2413	1790	 274
2413	1773	 274
2413	1753	 274
2412	1729	 274
2411	1700	 274
2410	1684	 274
2409	1659	 274
2407	1627	 274
2405	1593	 274
2402	1562	 274
2399	1538	 274
2395	1521	 274
2390	1513	 274
2384	1510	 274
2378	1501	 274
2370	1488	 274
2361	1471	 274
2350	1449	 274
2337	1422	 274
2323	1393	 274
2314	1373	 274
2301	1361	 274
2284	1342	 274
2263	1318	 274
2239	1292	 274
2214	1266	 274
2189	1244	 274
2167	1227	 274
2147	1216	 274
2131	1210	 274
2119	1209	 274
2117	1199	 274
2110	1184	 274
2096	1167	 274
2076	1151	 274
2051	1133	 274
2021	1104	 274
1988	1068	 274
1951	1050	 274
1924	1036	 274
1899	1014	 274
1873	 985	 274
1846	 955	 274
