#DAC1	DAC2	DAC3	#phi1	phi2	phi3	azimuth -- at Altitude = 60
1377	2823	 274	120.50329	278.53058	  0.00000	000	60
1346	2769	 274	117.13284	272.59660	  0.00000	001	60
1295	2736	 274	111.60099	269.02326	  0.00000	002	60
1247	2724	 274	106.25953	267.64664	  0.00000	003	60
1217	2704	 274	103.03963	265.47055	  0.00000	004	60
1210	2657	 274	102.24554	260.37566	  0.00000	005	60
1190	2577	 274	100.06330	251.58290	  0.00000	006	60
1159	2521	 274	 96.71716	245.50255	  0.00000	007	60
1129	2476	 274	 93.45641	240.55769	  0.00000	008	60
1075	2431	 274	 87.55830	235.69217	  0.00000	009	60
1046	2420	 274	 84.35903	234.51091	  0.00000	010	60
1018	2403	 274	 81.23153	232.55363	  0.00000	011	60
 977	2365	 274	 76.83332	228.50983	  0.00000	012	60
 939	2316	 274	 72.62467	223.06082	  0.00000	013	60
 915	2254	 274	 69.98677	216.36816	  0.00000	014	60
 908	2180	 274	 69.23061	208.27801	  0.00000	015	60
 905	2130	 274	 68.93832	202.80353	  0.00000	016	60
 896	2114	 274	 67.91608	201.05005	  0.00000	017	60
 881	2080	 274	 66.30297	197.29156	  0.00000	018	60
 861	2022	 274	 64.15966	191.01514	  0.00000	019	60
 838	1953	 274	 61.65966	183.44066	  0.00000	020	60
 809	1903	 274	 58.43765	178.02258	  0.00000	021	60
 786	1857	 274	 55.91248	172.97351	  0.00000	022	60
 762	1820	 274	 53.33856	168.90757	  0.00000	023	60
 731	1815	 274	 49.92083	168.32206	  0.00000	024	60
 698	1801	 274	 46.29984	166.78931	  0.00000	025	60
 668	1775	 274	 43.06114	163.95694	  0.00000	026	60
 646	1740	 274	 40.58589	160.20180	  0.00000	027	60
 628	1698	 274	 38.72104	155.60097	  0.00000	028	60
 615	1672	 274	 37.30088	152.68432	  0.00000	029	60
 605	1629	 274	 36.15384	148.07287	  0.00000	030	60
 604	1584	 274	 36.01819	143.17379	  0.00000	031	60
 600	1549	 274	 35.57462	139.35200	  0.00000	032	60
 593	1526	 274	 34.89080	136.79097	  0.00000	033	60
 586	1513	 274	 34.02909	135.38459	  0.00000	034	60
 576	1511	 274	 33.03411	135.12174	  0.00000	035	60
 566	1504	 274	 31.87138	134.36838	  0.00000	036	60
 551	1494	 274	 30.28063	133.34136	  0.00000	037	60
 534	1484	 274	 28.36454	132.21475	  0.00000	038	60
 514	1474	 274	 26.25047	131.10523	  0.00000	039	60
 497	1465	 274	 24.36460	130.08060	  0.00000	040	60
 492	1457	 274	 23.77885	129.25998	  0.00000	041	60
 503	1452	 274	 25.05061	128.73910	  0.00000	042	60
 485	1451	 274	 23.09120	128.58069	  0.00000	043	60
 486	1453	 274	 23.15832	128.81314	  0.00000	044	60
 485	1459	 274	 23.00914	129.42703	  0.00000	045	60
 480	1467	 274	 22.46746	130.36491	  0.00000	046	60
 476	1478	 274	 22.05890	131.50457	  0.00000	047	60
 473	1489	 274	 21.77841	132.71419	  0.00000	048	60
 472	1500	 274	 21.62297	133.89865	  0.00000	049	60
 472	1508	 274	 21.59010	134.86997	  0.00000	050	60
 472	1513	 274	 21.67609	135.36909	  0.00000	051	60
 474	1522	 274	 21.87631	136.39879	  0.00000	052	60
 477	1546	 274	 22.18497	138.97510	  0.00000	053	60
 481	1584	 274	 22.59931	143.07361	  0.00000	054	60
 486	1633	 274	 23.11413	148.47137	  0.00000	055	60
 485	1678	 274	 23.08389	153.40209	  0.00000	056	60
 482	1712	 274	 22.70303	157.13581	  0.00000	057	60
 508	1755	 274	 25.55009	161.83796	  0.00000	058	60
 494	1790	 274	 24.01448	165.61137	  0.00000	059	60
 492	1812	 274	 23.84689	167.98211	  0.00000	060	60
 502	1817	 274	 24.85384	168.57557	  0.00000	061	60
 517	1854	 274	 26.53868	172.65064	  0.00000	062	60
 533	1907	 274	 28.25428	178.44003	  0.00000	063	60
 547	1968	 274	 29.82701	185.10877	  0.00000	064	60
 560	2048	 274	 31.19794	193.78229	  0.00000	065	60
 570	2103	 274	 32.30063	199.87770	  0.00000	066	60
 577	2123	 274	 33.14656	202.03717	  0.00000	067	60
 584	2178	 274	 33.91075	208.05275	  0.00000	068	60
 591	2268	 274	 34.59062	217.83959	  0.00000	069	60
 596	2334	 274	 35.17330	225.10055	  0.00000	070	60
 600	2392	 274	 35.63874	231.39991	  0.00000	071	60
 603	2420	 274	 35.96624	234.45019	  0.00000	072	60
 605	2439	 274	 36.13494	236.56657	  0.00000	073	60
 605	2501	 274	 36.15536	243.27722	  0.00000	074	60
 615	2570	 274	 37.24089	250.89826	  0.00000	075	60
 623	2674	 274	 38.15533	262.27064	  0.00000	076	60
 633	2722	 274	 39.22910	267.40932	  0.00000	077	60
 645	2743	 274	 40.49634	269.78802	  0.00000	078	60
 658	2817	 274	 41.99084	277.78759	  0.00000	079	60
 674	2899	 274	 43.74528	286.84934	  0.00000	080	60
 693	2976	 274	 45.77586	295.22387	  0.00000	081	60
 713	3024	 274	 47.93476	300.49025	  0.00000	082	60
 732	3051	 274	 50.08244	303.38279	  0.00000	083	60
 751	3143	 274	 52.10349	313.41044	  0.00000	084	60
 767	3228	 274	 53.88804	322.79214	  0.00000	085	60
 781	3278	 274	 55.33399	328.17598	  0.00000	086	60
 790	3323	 274	 56.36358	333.15988	  0.00000	087	60
 802	3336	 274	 57.68273	334.59335	  0.00000	088	60
 817	3427	 274	 59.36973	344.44451	  0.00000	089	60
 832	3525	 274	 60.92440	355.20162	  0.00000	090	60
 844	3587	 274	 62.23655	361.99363	  0.00000	091	60
 854	3626	 274	 63.34518	366.24893	  0.00000	092	60
 863	3642	 274	 64.37650	368.00080	  0.00000	093	60
 872	3778	 274	 65.31362	382.84489	  0.00000	094	60
 879	3873	 274	 66.14797	393.18111	  0.00000	095	60
 886	3935	 274	 66.87329	399.97294	  0.00000	096	60
 892	3935	 274	 67.49273	399.97294	  0.00000	097	60
 897	3935	 274	 68.01799	399.97294	  0.00000	098	60
 901	3935	 274	 68.45195	399.97294	  0.00000	099	60
 904	 300	 274	 68.79458	  2.86815	  0.00000	100	60
 906	 302	 274	 69.03968	  3.06424	  0.00000	101	60
 907	 303	 274	 69.18576	  3.10985	  0.00000	102	60
 908	 305	 274	 69.23074	  3.42873	  0.00000	103	60
 908	 310	 274	 69.21660	  3.97843	  0.00000	104	60
 909	 316	 274	 69.38755	  4.62627	  0.00000	105	60
 913	 322	 274	 69.78445	  5.27701	  0.00000	106	60
 918	 328	 274	 70.39475	  5.86424	  0.00000	107	60
 926	 332	 274	 71.20748	  6.34331	  0.00000	108	60
 935	 335	 274	 72.21294	  6.68566	  0.00000	109	60
 946	 337	 274	 73.40248	  6.87450	  0.00000	110	60
 958	 337	 274	 74.76819	  6.90187	  0.00000	111	60
 972	 336	 274	 76.30140	  6.76707	  0.00000	112	60
 987	 333	 274	 77.88997	  6.47636	  0.00000	113	60
1001	 329	 274	 79.43826	  6.04395	  0.00000	114	60
1015	 324	 274	 80.90572	  5.49429	  0.00000	115	60
1027	 319	 274	 82.24683	  4.86553	  0.00000	116	60
1037	 313	 274	 83.41010	  4.21427	  0.00000	117	60
1046	 307	 274	 84.33695	  3.62144	  0.00000	118	60
1052	 303	 274	 84.96054	  3.19932	  0.00000	119	60
1061	 302	 274	 86.02333	  3.07701	  0.00000	120	60
1083	 301	 274	 88.33043	  2.98411	  0.00000	121	60
1105	 301	 274	 90.79818	  2.98411	  0.00000	122	60
1125	 301	 274	 92.98946	  2.98411	  0.00000	123	60
1141	 301	 274	 94.72302	  2.98411	  0.00000	124	60
1152	3935	 274	 95.93988	400.01347	  0.00000	125	60
1164	3920	 274	 97.21094	398.32550	  0.00000	126	60
1177	3827	 274	 98.69317	388.17651	  0.00000	127	60
1191	3725	 274	100.19097	376.99960	  0.00000	128	60
1203	3632	 274	101.46299	366.92303	  0.00000	129	60
1210	3615	 274	102.22179	365.00942	  0.00000	130	60
1210	3573	 274	102.30911	360.49229	  0.00000	131	60
1216	3504	 274	102.93795	352.87080	  0.00000	132	60
1228	3403	 274	104.19903	341.89546	  0.00000	133	60
1246	3331	 274	106.15019	333.98855	  0.00000	134	60
1270	3319	 274	108.76317	332.71442	  0.00000	135	60
1299	3274	 274	111.94911	327.81660	  0.00000	136	60
1328	3222	 274	115.18572	322.12060	  0.00000	137	60
1354	3136	 274	118.00231	312.65408	  0.00000	138	60
1372	3047	 274	119.92723	302.97139	  0.00000	139	60
1394	3023	 274	122.39348	300.37988	  0.00000	140	60
1431	2972	 274	126.39742	294.78947	  0.00000	141	60
1462	2897	 274	129.82457	286.55532	  0.00000	142	60
1486	2809	 274	132.37002	276.99148	  0.00000	143	60
1502	2739	 274	134.17785	269.35712	  0.00000	144	60
1512	2719	 274	135.21036	267.09453	  0.00000	145	60
1517	2661	 274	135.82670	260.81273	  0.00000	146	60
1536	2552	 274	137.91473	248.90189	  0.00000	147	60
1567	2484	 274	141.21545	241.47065	  0.00000	148	60
1606	2425	 274	145.54440	235.02192	  0.00000	149	60
1648	2412	 274	150.11556	233.55933	  0.00000	150	60
1682	2365	 274	153.79540	228.46359	  0.00000	151	60
1706	2296	 274	156.40677	220.95441	  0.00000	152	60
1739	2196	 274	160.02644	209.96844	  0.00000	153	60
1766	2125	 274	163.06281	202.26067	  0.00000	154	60
1789	2099	 274	165.52594	199.36105	  0.00000	155	60
1805	2024	 274	167.30446	191.23520	  0.00000	156	60
1814	1931	 274	168.29436	181.04949	  0.00000	157	60
1816	1863	 274	168.48865	173.64514	  0.00000	158	60
1829	1816	 274	169.92072	168.48301	  0.00000	159	60
1857	1802	 274	172.96677	166.93574	  0.00000	160	60
1887	1756	 274	176.26994	161.94314	  0.00000	161	60
1915	1693	 274	179.31720	155.05412	  0.00000	162	60
1945	1624	 274	182.61753	147.49979	  0.00000	163	60
1981	1545	 274	186.52083	138.89450	  0.00000	164	60
2024	1513	 274	191.17928	135.32714	  0.00000	165	60
2057	1488	 274	194.84057	132.68705	  0.00000	166	60
2085	1432	 274	197.82988	126.47850	  0.00000	167	60
2105	1370	 274	200.00103	119.70586	  0.00000	168	60
2116	1317	 274	201.24879	113.90285	  0.00000	169	60
2119	1251	 274	201.53835	106.72957	  0.00000	170	60
2131	1214	 274	202.93593	102.73908	  0.00000	171	60
2150	1204	 274	204.93796	101.59055	  0.00000	172	60
2172	1168	 274	207.40474	 97.68033	  0.00000	173	60
2198	1132	 274	210.18125	 93.69819	  0.00000	174	60
2225	1065	 274	213.13081	 86.46689	  0.00000	175	60
2251	1037	 274	215.98178	 83.33999	  0.00000	176	60
2274	 994	 274	218.48252	 78.70409	  0.00000	177	60
2292	 946	 274	220.52915	 73.46265	  0.00000	178	60
2307	 916	 274	222.08530	 70.12259	  0.00000	179	60
2317	 908	 274	223.16925	 69.23074	  0.00000	180	60
2323	 904	 274	223.84133	 68.82669	  0.00000	181	60
2333	 893	 274	224.95954	 67.60913	  0.00000	182	60
2341	 876	 274	225.81851	 65.79645	  0.00000	183	60
2347	 856	 274	226.50560	 63.53568	  0.00000	184	60
2352	 832	 274	227.06238	 60.98278	  0.00000	185	60
2356	 804	 274	227.46439	 57.88254	  0.00000	186	60
2358	 785	 274	227.67857	 55.78806	  0.00000	187	60
2359	 764	 274	227.78273	 53.58143	  0.00000	188	60
2359	 740	 274	227.78868	 50.86331	  0.00000	189	60
2358	 714	 274	227.70338	 48.06656	  0.00000	190	60
2357	 690	 274	227.53322	 45.48104	  0.00000	191	60
2354	 671	 274	227.24520	 43.31780	  0.00000	192	60
2350	 655	 274	226.82290	 41.64979	  0.00000	193	60
2346	 644	 274	226.36729	 40.36586	  0.00000	194	60
2341	 634	 274	225.82919	 39.37638	  0.00000	195	60
2336	 627	 274	225.23828	 38.61413	  0.00000	196	60
2329	 622	 274	224.54097	 38.02974	  0.00000	197	60
2323	 618	 274	223.82116	 37.58776	  0.00000	198	60
2319	 615	 274	223.44121	 37.26342	  0.00000	199	60
2315	 613	 274	222.94605	 37.03999	  0.00000	200	60
2309	 612	 274	222.34122	 36.90677	  0.00000	201	60
2303	 611	 274	221.63767	 36.85760	  0.00000	202	60
2295	 612	 274	220.85098	 36.88994	  0.00000	203	60
2288	 613	 274	220.00038	 37.00455	  0.00000	204	60
2279	 615	 274	219.10763	 37.20557	  0.00000	205	60
2271	 617	 274	218.19590	 37.50112	  0.00000	206	60
2263	 621	 274	217.28873	 37.90438	  0.00000	207	60
2255	 626	 274	216.40906	 38.43510	  0.00000	208	60
2247	 632	 274	215.57846	 39.12150	  0.00000	209	60
2240	 640	 274	214.81661	 40.00258	  0.00000	210	60
2234	 651	 274	214.14104	 41.13080	  0.00000	211	60
2229	 664	 274	213.56711	 42.57513	  0.00000	212	60
2225	 681	 274	213.10827	 44.42441	  0.00000	213	60
2221	 702	 274	212.77655	 46.72058	  0.00000	214	60
2220	 725	 274	212.58368	 49.29282	  0.00000	215	60
2219	 749	 274	212.53998	 51.94360	  0.00000	216	60
2220	 772	 274	212.65644	 54.38358	  0.00000	217	60
2223	 789	 274	212.94624	 56.21097	  0.00000	218	60
2227	 809	 274	213.42175	 58.47991	  0.00000	219	60
2234	 835	 274	214.09448	 61.32951	  0.00000	220	60
2242	 857	 274	214.97316	 63.64577	  0.00000	221	60
2252	 876	 274	216.05974	 65.72604	  0.00000	222	60
2263	 891	 274	217.34358	 67.42477	  0.00000	223	60
2277	 902	 274	218.79322	 68.63354	  0.00000	224	60
2291	 908	 274	220.34493	 69.21008	  0.00000	225	60
2305	 910	 274	221.88527	 69.47226	  0.00000	226	60
2317	 929	 274	223.22988	 71.52995	  0.00000	227	60
2331	 965	 274	224.69918	 75.44960	  0.00000	228	60
2349	1009	 274	226.75119	 80.25785	  0.00000	229	60
2367	1043	 274	228.71629	 83.96718	  0.00000	230	60
2384	1070	 274	230.49193	 87.00152	  0.00000	231	60
2398	1129	 274	232.05479	 93.45715	  0.00000	232	60
2410	1162	 274	233.34398	 97.01779	  0.00000	233	60
2418	1195	 274	234.24212	100.67091	  0.00000	234	60
2421	1210	 274	234.61259	102.30825	  0.00000	235	60
2425	1227	 274	234.97456	104.07731	  0.00000	236	60
2442	1270	 274	236.82797	108.85661	  0.00000	237	60
2468	1329	 274	239.67973	115.30021	  0.00000	238	60
2495	1371	 274	242.65591	119.87854	  0.00000	239	60
2522	1425	 274	245.58985	125.74179	  0.00000	240	60
2554	1478	 274	249.13078	131.59279	  0.00000	241	60
2623	1507	 274	256.61478	134.74564	  0.00000	242	60
2655	1520	 274	260.11952	136.16506	  0.00000	243	60
2691	1565	 274	264.04781	141.09249	  0.00000	244	60
2715	1636	 274	266.66057	148.85320	  0.00000	245	60
2724	1692	 274	267.68997	154.94924	  0.00000	246	60
2734	1745	 274	268.80019	160.66162	  0.00000	247	60
2758	1788	 274	271.35243	165.42735	  0.00000	248	60
2797	1813	 274	275.70633	168.10867	  0.00000	249	60
2850	1820	 274	281.44371	168.94792	  0.00000	250	60
2893	1868	 274	286.14643	174.16954	  0.00000	251	60
2925	1922	 274	289.67770	180.03293	  0.00000	252	60
2973	1992	 274	294.84929	187.74507	  0.00000	253	60
3008	2063	 274	298.66386	195.43304	  0.00000	254	60
3025	2109	 274	300.58690	200.48061	  0.00000	255	60
3031	2125	 274	301.18530	202.27477	  0.00000	256	60
3063	2174	 274	304.68916	207.64014	  0.00000	257	60
3114	2251	 274	310.28696	215.96461	  0.00000	258	60
3169	2315	 274	316.29341	222.97575	  0.00000	259	60
3216	2365	 274	321.43803	228.48697	  0.00000	260	60
3252	2402	 274	325.40351	232.54545	  0.00000	261	60
3276	2420	 274	327.98309	234.50117	  0.00000	262	60
3304	2430	 274	331.03259	235.57437	  0.00000	263	60
3324	2472	 274	333.26476	240.19749	  0.00000	264	60
3330	2516	 274	333.84622	244.94648	  0.00000	265	60
3343	2566	 274	335.30776	250.42676	  0.00000	266	60
3389	2643	 274	340.32679	258.81297	  0.00000	267	60
3447	2692	 274	346.65549	264.21505	  0.00000	268	60
3499	2719	 274	352.34389	267.16821	  0.00000	269	60
3541	2724	 274	356.93941	267.72590	  0.00000	270	60
3573	2747	 274	360.40367	270.17938	  0.00000	271	60
3594	2782	 274	362.74642	274.03085	  0.00000	272	60
3613	2832	 274	364.84737	279.52970	  0.00000	273	60
3628	2879	 274	366.49671	284.59930	  0.00000	274	60
3632	2906	 274	366.92294	287.57297	  0.00000	275	60
3638	2942	 274	367.50603	291.53454	  0.00000	276	60
3682	2979	 274	372.30496	295.55714	  0.00000	277	60
3739	3005	 274	378.59135	298.40840	  0.00000	278	60
3784	3021	 274	383.50531	300.11595	  0.00000	279	60
3812	3027	 274	386.55198	300.75902	  0.00000	280	60
3838	3030	 274	389.44959	301.09511	  0.00000	281	60
3866	3045	 274	392.45014	302.75967	  0.00000	282	60
3891	3068	 274	395.21212	305.27836	  0.00000	283	60
3909	3095	 274	397.14099	308.20078	  0.00000	284	60
3920	3122	 274	398.40203	311.20204	  0.00000	285	60
3927	3148	 274	399.16442	314.05223	  0.00000	286	60
3931	3172	 274	399.57597	316.57526	  0.00000	287	60
3933	3192	 274	399.77340	318.76017	  0.00000	288	60
3934	3209	 274	399.84499	320.63222	  0.00000	289	60
3934	3223	 274	399.83494	322.21968	  0.00000	290	60
3933	3235	 274	399.73610	323.55221	  0.00000	291	60
3930	3246	 274	399.49012	324.65961	  0.00000	292	60
3926	3254	 274	398.99436	325.57080	  0.00000	293	60
3918	3261	 274	398.10429	326.31317	  0.00000	294	60
3904	3266	 274	396.65297	326.91209	  0.00000	295	60
3884	3270	 274	394.46999	327.39057	  0.00000	296	60
3858	3274	 274	391.56169	327.76917	  0.00000	297	60
3826	3277	 274	388.12132	328.06590	  0.00000	298	60
3804	3279	 274	385.66973	328.29637	  0.00000	299	60
3769	3282	 274	381.87160	328.64354	  0.00000	300	60
3716	3286	 274	376.09449	329.11226	  0.00000	301	60
3660	3290	 274	369.90574	329.50100	  0.00000	302	60
3632	3293	 274	366.83893	329.79679	  0.00000	303	60
3632	3295	 274	366.86434	330.02967	  0.00000	304	60
3622	3296	 274	365.80624	330.22462	  0.00000	305	60
3601	3298	 274	363.45118	330.39132	  0.00000	306	60
3583	3299	 274	361.52027	330.53575	  0.00000	307	60
3554	3300	 274	358.39573	330.66342	  0.00000	308	60
3514	3302	 274	354.04204	330.78013	  0.00000	309	60
3463	3303	 274	348.46452	330.89124	  0.00000	310	60
3403	3304	 274	341.86815	331.00187	  0.00000	311	60
3350	3305	 274	336.05635	331.11665	  0.00000	312	60
3330	3306	 274	333.84642	331.23928	  0.00000	313	60
3325	3307	 274	333.32478	331.37257	  0.00000	314	60
3302	3308	 274	330.88610	331.51922	  0.00000	315	60
3273	3310	 274	327.67436	331.68058	  0.00000	316	60
3243	3311	 274	324.41608	331.85187	  0.00000	317	60
3197	3313	 274	319.39529	332.02713	  0.00000	318	60
3138	3314	 274	312.86755	332.19828	  0.00000	319	60
3074	3316	 274	305.93701	332.36288	  0.00000	320	60
3032	3317	 274	301.28979	332.52047	  0.00000	321	60
3024	3319	 274	300.41590	332.66499	  0.00000	322	60
2996	3320	 274	297.36463	332.79389	  0.00000	323	60
2942	3321	 274	291.48840	332.90534	  0.00000	324	60
2895	3322	 274	286.34531	332.99806	  0.00000	325	60
2837	3322	 274	279.99957	333.07114	  0.00000	326	60
2771	3323	 274	272.86108	333.12384	  0.00000	327	60
2735	3323	 274	268.84262	333.15525	  0.00000	328	60
2722	3323	 274	267.49883	333.16401	  0.00000	329	60
2695	3323	 274	264.47790	333.14792	  0.00000	330	60
2638	3323	 274	258.30757	333.10340	  0.00000	331	60
2555	3322	 274	249.24991	333.02521	  0.00000	332	60
2505	3321	 274	243.70546	332.90587	  0.00000	333	60
2457	3319	 274	238.49727	332.73531	  0.00000	334	60
2423	3317	 274	234.74263	332.50045	  0.00000	335	60
2416	3314	 274	234.00587	332.18819	  0.00000	336	60
2390	3311	 274	231.14551	331.77323	  0.00000	337	60
2344	3306	 274	226.19059	331.23095	  0.00000	338	60
2295	3300	 274	220.75971	330.57002	  0.00000	339	60
2221	3292	 274	212.73217	329.76856	  0.00000	340	60
2154	3282	 274	205.44741	328.60024	  0.00000	341	60
2119	3276	 274	201.53855	327.94453	  0.00000	342	60
2101	3269	 274	199.59203	327.18977	  0.00000	343	60
2051	3259	 274	194.14170	326.14491	  0.00000	344	60
1966	3246	 274	184.83102	324.75771	  0.00000	345	60
1919	3230	 274	179.68236	322.97603	  0.00000	346	60
1869	3210	 274	174.25083	320.75039	  0.00000	347	60
1823	3185	 274	169.22726	318.03700	  0.00000	348	60
1815	3155	 274	168.30983	314.80173	  0.00000	349	60
1796	3121	 274	166.32260	311.06128	  0.00000	350	60
1761	3085	 274	162.47793	307.16668	  0.00000	351	60
1713	3053	 274	157.18904	303.64985	  0.00000	352	60
1670	3031	 274	152.56242	301.24840	  0.00000	353	60
1608	3027	 274	145.76205	300.74115	  0.00000	354	60
1549	3017	 274	139.32263	299.70892	  0.00000	355	60
1516	2993	 274	135.67389	297.11811	  0.00000	356	60
1506	2955	 274	134.56789	292.90074	  0.00000	357	60
1479	2910	 274	131.65406	288.00813	  0.00000	358	60
1433	2878	 274	126.57126	284.50483	  0.00000	359	60
