#DAC1	DAC2	DAC3	#phi1	phi2	phi3	azimuth -- at Altitude = 25
2914	2975	 274	288.44865	295.10868	  0.00000	000	25
2881	3015	 274	284.86787	299.47930	  0.00000	001	25
2832	3027	 274	279.46136	300.76074	  0.00000	002	25
2783	3032	 274	274.09337	301.35772	  0.00000	003	25
2750	3047	 274	270.56231	303.01273	  0.00000	004	25
2732	3060	 274	268.54413	304.35476	  0.00000	005	25
2724	3064	 274	267.68914	304.82689	  0.00000	006	25
2717	3059	 274	266.94746	304.33595	  0.00000	007	25
2701	3048	 274	265.15381	303.07614	  0.00000	008	25
2678	3034	 274	262.63474	301.55574	  0.00000	009	25
2648	3027	 274	259.42068	300.76952	  0.00000	010	25
2619	3023	 274	256.21855	300.32180	  0.00000	011	25
2571	3004	 274	250.99718	298.23554	  0.00000	012	25
2545	2965	 274	248.14412	294.03185	  0.00000	013	25
2524	2912	 274	245.86589	288.25641	  0.00000	014	25
2507	2872	 274	243.92507	283.83009	  0.00000	015	25
2490	2803	 274	242.11241	276.34717	  0.00000	016	25
2473	2749	 274	240.26529	270.41056	  0.00000	017	25
2456	2724	 274	238.41659	267.69225	  0.00000	018	25
2441	2707	 274	236.77062	265.81224	  0.00000	019	25
2430	2653	 274	235.50635	259.90561	  0.00000	020	25
2423	2562	 274	234.77684	250.02355	  0.00000	021	25
2421	2505	 274	234.61526	243.74648	  0.00000	022	25
2421	2453	 274	234.52895	238.04363	  0.00000	023	25
2418	2422	 274	234.21817	234.64370	  0.00000	024	25
2413	2412	 274	233.69943	233.56172	  0.00000	025	25
2406	2380	 274	232.98774	230.11507	  0.00000	026	25
2398	2331	 274	232.10078	224.68798	  0.00000	027	25
2389	2282	 274	231.05293	219.40243	  0.00000	028	25
2377	2213	 274	229.81181	211.88021	  0.00000	029	25
2365	2157	 274	228.40491	205.71243	  0.00000	030	25
2349	2124	 274	226.73383	202.09633	  0.00000	031	25
2332	2115	 274	224.86900	201.10669	  0.00000	032	25
2318	2094	 274	223.32600	198.83959	  0.00000	033	25
2304	2062	 274	221.83214	195.39269	  0.00000	034	25
2286	2026	 274	219.82245	191.42370	  0.00000	035	25
2264	1989	 274	217.44490	187.39797	  0.00000	036	25
2241	1953	 274	214.85410	183.43116	  0.00000	037	25
2216	1929	 274	212.21090	180.77926	  0.00000	038	25
2194	1910	 274	209.74773	178.71711	  0.00000	039	25
2174	1894	 274	207.55463	177.00567	  0.00000	040	25
2156	1881	 274	205.65613	175.52529	  0.00000	041	25
2142	1869	 274	204.07173	174.24185	  0.00000	042	25
2130	1859	 274	202.81533	173.20475	  0.00000	043	25
2122	1852	 274	201.89476	172.45097	  0.00000	044	25
2119	1848	 274	201.53615	171.97680	  0.00000	045	25
2117	1846	 274	201.33211	171.76528	  0.00000	046	25
2112	1846	 274	200.84160	171.80371	  0.00000	047	25
2106	1849	 274	200.12179	172.09115	  0.00000	048	25
2097	1854	 274	199.22674	172.63667	  0.00000	049	25
2088	1862	 274	198.20683	173.44901	  0.00000	050	25
2078	1871	 274	197.10832	174.51841	  0.00000	051	25
2068	1883	 274	195.97310	175.79486	  0.00000	052	25
2057	1896	 274	194.83857	177.24122	  0.00000	053	25
2047	1911	 274	193.73765	178.89490	  0.00000	054	25
2038	1929	 274	192.69883	180.86144	  0.00000	055	25
2029	1952	 274	191.74679	183.33726	  0.00000	056	25
2021	1979	 274	190.90251	186.30354	  0.00000	057	25
2015	2019	 274	190.18359	190.67644	  0.00000	058	25
2009	2053	 274	189.60481	194.34768	  0.00000	059	25
2006	2083	 274	189.17854	197.68209	  0.00000	060	25
2003	2107	 274	188.91044	200.24954	  0.00000	061	25
2002	2118	 274	188.78515	201.50044	  0.00000	062	25
2002	2131	 274	188.78124	202.86516	  0.00000	063	25
2003	2163	 274	188.87654	206.36843	  0.00000	064	25
2004	2210	 274	189.04851	211.49287	  0.00000	065	25
2006	2265	 274	189.27448	217.54155	  0.00000	066	25
2009	2310	 274	189.53189	222.45468	  0.00000	067	25
2011	2345	 274	189.79839	226.25925	  0.00000	068	25
2014	2379	 274	190.05202	230.01735	  0.00000	069	25
2016	2403	 274	190.27121	232.65842	  0.00000	070	25
2017	2418	 274	190.43475	234.22216	  0.00000	071	25
2018	2422	 274	190.52162	234.63269	  0.00000	072	25
2018	2433	 274	190.51066	235.92163	  0.00000	073	25
2017	2460	 274	190.38019	238.85460	  0.00000	074	25
2014	2488	 274	190.10750	241.90697	  0.00000	075	25
2010	2512	 274	189.66850	244.49364	  0.00000	076	25
2004	2534	 274	189.03744	246.95722	  0.00000	077	25
1996	2557	 274	188.18719	249.47130	  0.00000	078	25
1983	2579	 274	186.73606	251.87807	  0.00000	079	25
1976	2625	 274	185.99833	256.86352	  0.00000	080	25
1956	2624	 274	183.80692	256.77211	  0.00000	081	25
1941	2631	 274	182.16908	257.47117	  0.00000	082	25
1926	2630	 274	180.44786	257.37353	  0.00000	083	25
1909	2616	 274	178.62523	255.92864	  0.00000	084	25
1891	2604	 274	176.61620	254.56316	  0.00000	085	25
1869	2568	 274	174.23168	250.60717	  0.00000	086	25
1844	2540	 274	171.49249	247.56944	  0.00000	087	25
1822	2511	 274	169.15900	244.43807	  0.00000	088	25
1816	2479	 274	168.46154	240.86506	  0.00000	089	25
1812	2439	 274	167.98187	236.48776	  0.00000	090	25
1796	2421	 274	166.33733	234.61042	  0.00000	091	25
1770	2406	 274	163.47978	232.90127	  0.00000	092	25
1733	2361	 274	159.42579	228.04894	  0.00000	093	25
1691	2295	 274	154.84065	220.86128	  0.00000	094	25
1645	2193	 274	149.76038	209.67139	  0.00000	095	25
1580	2119	 274	142.66875	201.58940	  0.00000	096	25
1530	2085	 274	137.23106	197.82221	  0.00000	097	25
1512	1968	 274	135.22860	185.11107	  0.00000	098	25
1490	1887	 274	132.89321	176.21410	  0.00000	099	25
1444	1816	 274	127.83545	168.51197	  0.00000	100	25
1378	1793	 274	120.62965	165.96825	  0.00000	101	25
1338	1718	 274	116.28109	157.73527	  0.00000	102	25
1274	1626	 274	109.22324	147.67856	  0.00000	103	25
1225	1526	 274	103.84665	136.73590	  0.00000	104	25
1210	1495	 274	102.27926	133.34932	  0.00000	105	25
1183	1407	 274	 99.26339	123.80109	  0.00000	106	25
1145	1329	 274	 95.14417	115.30683	  0.00000	107	25
1083	1235	 274	 88.35484	104.97429	  0.00000	108	25
1041	1207	 274	 83.84929	101.88339	  0.00000	109	25
 996	1152	 274	 78.88170	 95.92357	  0.00000	110	25
 942	1062	 274	 72.99429	 86.04104	  0.00000	111	25
 911	1008	 274	 69.62888	 80.23027	  0.00000	112	25
 907	 932	 274	 69.16050	 71.90761	  0.00000	113	25
 897	 908	 274	 68.06131	 69.23102	  0.00000	114	25
 878	 895	 274	 65.93243	 67.79167	  0.00000	115	25
 851	 862	 274	 63.03434	 64.22250	  0.00000	116	25
 818	 815	 274	 59.43304	 59.13805	  0.00000	117	25
 787	 774	 274	 56.06362	 54.64155	  0.00000	118	25
 760	 724	 274	 53.10925	 49.16976	  0.00000	119	25
 725	 675	 274	 49.31705	 43.82863	  0.00000	120	25
 692	 643	 274	 45.64458	 40.33079	  0.00000	121	25
 665	 624	 274	 42.69297	 38.20204	  0.00000	122	25
 646	 611	 274	 40.58895	 36.85778	  0.00000	123	25
 632	 605	 274	 39.07876	 36.15205	  0.00000	124	25
 622	 604	 274	 37.97828	 36.05663	  0.00000	125	25
 614	 603	 274	 37.16209	 35.91348	  0.00000	126	25
 605	 602	 274	 36.17389	 35.81414	  0.00000	127	25
 605	 602	 274	 36.15385	 35.79867	  0.00000	128	25
 605	 602	 274	 36.13054	 35.86797	  0.00000	129	25
 604	 603	 274	 36.07823	 35.99161	  0.00000	130	25
 604	 605	 274	 36.02198	 36.11248	  0.00000	131	25
 603	 605	 274	 35.97753	 36.15387	  0.00000	132	25
 603	 613	 274	 35.95312	 36.99010	  0.00000	133	25
 603	 622	 274	 35.95128	 38.05376	  0.00000	134	25
 603	 636	 274	 35.97025	 39.50497	  0.00000	135	25
 604	 654	 274	 36.00519	 41.50196	  0.00000	136	25
 604	 679	 274	 36.04918	 44.24791	  0.00000	137	25
 604	 711	 274	 36.09401	 47.79017	  0.00000	138	25
 605	 746	 274	 36.13098	 51.53103	  0.00000	139	25
 605	 775	 274	 36.15160	 54.77528	  0.00000	140	25
 605	 796	 274	 36.15426	 57.02836	  0.00000	141	25
 605	 827	 274	 36.16225	 60.41833	  0.00000	142	25
 611	 853	 274	 36.83054	 63.22665	  0.00000	143	25
 614	 874	 274	 37.16872	 65.53390	  0.00000	144	25
 618	 890	 274	 37.52530	 67.32924	  0.00000	145	25
 621	 901	 274	 37.89486	 68.55031	  0.00000	146	25
 624	 907	 274	 38.27007	 69.16725	  0.00000	147	25
 628	 908	 274	 38.64153	 69.25082	  0.00000	148	25
 631	 917	 274	 38.99765	 70.25952	  0.00000	149	25
 634	 936	 274	 39.32489	 72.34385	  0.00000	150	25
 637	 962	 274	 39.61094	 75.15167	  0.00000	151	25
 639	 990	 274	 39.85441	 78.24154	  0.00000	152	25
 641	1015	 274	 40.05805	 80.92367	  0.00000	153	25
 642	1034	 274	 40.22605	 83.01015	  0.00000	154	25
 644	1047	 274	 40.36374	 84.41679	  0.00000	155	25
 645	1054	 274	 40.47735	 85.21600	  0.00000	156	25
 645	1074	 274	 40.57377	 87.37864	  0.00000	157	25
 646	1099	 274	 40.66043	 90.09175	  0.00000	158	25
 647	1119	 274	 40.74508	 92.30901	  0.00000	159	25
 648	1135	 274	 40.83585	 94.02944	  0.00000	160	25
 649	1145	 274	 40.94117	 95.15950	  0.00000	161	25
 650	1153	 274	 41.06992	 95.98510	  0.00000	162	25
 651	1160	 274	 41.23162	 96.76407	  0.00000	163	25
 653	1167	 274	 41.43666	 97.55408	  0.00000	164	25
 656	1174	 274	 41.69670	 98.30935	  0.00000	165	25
 659	1180	 274	 42.02518	 99.00035	  0.00000	166	25
 662	1186	 274	 42.43800	 99.61216	  0.00000	167	25
 667	1191	 274	 42.95432	100.14000	  0.00000	168	25
 673	1195	 274	 43.59773	100.58582	  0.00000	169	25
 680	1198	 274	 44.39759	100.95565	  0.00000	170	25
 689	1201	 274	 45.38661	101.25781	  0.00000	171	25
 700	1203	 274	 46.56640	101.50146	  0.00000	172	25
 713	1205	 274	 47.93742	101.69578	  0.00000	173	25
 727	1206	 274	 49.48774	101.84937	  0.00000	174	25
 742	1207	 274	 51.17904	101.96989	  0.00000	175	25
 759	1208	 274	 52.93384	102.06394	  0.00000	176	25
 774	1209	 274	 54.61884	102.13699	  0.00000	177	25
 787	1209	 274	 56.02349	102.19340	  0.00000	178	25
 801	1210	 274	 57.55280	102.23651	  0.00000	179	25
 823	1210	 274	 59.97733	102.26861	  0.00000	180	25
 844	1210	 274	 62.25789	102.29108	  0.00000	181	25
 862	1210	 274	 64.24224	102.30429	  0.00000	182	25
 879	1210	 274	 66.08186	102.30782	  0.00000	183	25
 893	1210	 274	 67.58690	102.30787	  0.00000	184	25
 903	1210	 274	 68.67055	102.30825	  0.00000	185	25
 907	1210	 274	 69.20315	102.30864	  0.00000	186	25
 909	1210	 274	 69.36584	102.30904	  0.00000	187	25
 923	1212	 274	 70.95048	102.43354	  0.00000	188	25
 952	1212	 274	 74.07074	102.51929	  0.00000	189	25
 991	1214	 274	 78.28928	102.65490	  0.00000	190	25
1026	1215	 274	 82.13321	102.85704	  0.00000	191	25
1049	1218	 274	 84.65322	103.14611	  0.00000	192	25
1078	1222	 274	 87.87730	103.54649	  0.00000	193	25
1126	1227	 274	 93.09915	104.08665	  0.00000	194	25
1154	1233	 274	 96.08766	104.79905	  0.00000	195	25
1178	1242	 274	 98.76629	105.71980	  0.00000	196	25
1201	1252	 274	101.26295	106.88798	  0.00000	197	25
1210	1266	 274	102.30782	108.34444	  0.00000	198	25
1216	1282	 274	102.88900	110.13016	  0.00000	199	25
1233	1301	 274	104.73076	112.21901	  0.00000	200	25
1258	1322	 274	107.50721	114.44379	  0.00000	201	25
1289	1342	 274	110.85905	116.65697	  0.00000	202	25
1319	1360	 274	114.15548	118.63454	  0.00000	203	25
1344	1373	 274	116.86472	120.04932	  0.00000	204	25
1361	1393	 274	118.80707	122.30464	  0.00000	205	25
1372	1428	 274	119.96143	126.03057	  0.00000	206	25
1382	1459	 274	121.03472	129.47934	  0.00000	207	25
1396	1484	 274	122.54470	132.20430	  0.00000	208	25
1408	1502	 274	123.86887	134.20248	  0.00000	209	25
1416	1512	 274	124.73921	135.29603	  0.00000	210	25
1419	1523	 274	125.08694	136.47270	  0.00000	211	25
1418	1555	 274	124.93437	139.95426	  0.00000	212	25
1412	1606	 274	124.29246	145.47495	  0.00000	213	25
1402	1662	 274	123.18925	151.62533	  0.00000	214	25
1389	1698	 274	121.76441	155.56188	  0.00000	215	25
1376	1748	 274	120.41226	161.00087	  0.00000	216	25
1368	1786	 274	119.53057	165.22196	  0.00000	217	25
1355	1811	 274	118.06627	167.87998	  0.00000	218	25
1334	1817	 274	115.82464	168.54660	  0.00000	219	25
1307	1854	 274	112.87249	172.66131	  0.00000	220	25
1276	1908	 274	109.46282	178.54732	  0.00000	221	25
1247	1975	 274	106.28920	185.79586	  0.00000	222	25
1224	2049	 274	103.82266	193.96597	  0.00000	223	25
1212	2104	 274	102.47619	199.93416	  0.00000	224	25
1208	2123	 274	102.06497	202.01884	  0.00000	225	25
1190	2176	 274	100.07999	207.78328	  0.00000	226	25
1163	2262	 274	 97.16343	217.17962	  0.00000	227	25
1139	2325	 274	 94.44821	224.07302	  0.00000	228	25
1093	2385	 274	 89.44008	230.59860	  0.00000	229	25
1051	2417	 274	 84.88108	234.08945	  0.00000	230	25
1027	2427	 274	 82.23610	235.21584	  0.00000	231	25
 986	2479	 274	 77.75725	240.86951	  0.00000	232	25
 942	2535	 274	 72.94733	247.01897	  0.00000	233	25
 914	2627	 274	 69.89279	257.10513	  0.00000	234	25
 908	2697	 274	 69.22838	264.69745	  0.00000	235	25
 901	2724	 274	 68.54446	267.68609	  0.00000	236	25
 885	2748	 274	 66.80028	270.31438	  0.00000	237	25
 861	2813	 274	 64.08922	277.37209	  0.00000	238	25
 828	2889	 274	 60.54264	285.70626	  0.00000	239	25
 790	2945	 274	 56.32831	291.82617	  0.00000	240	25
 757	3005	 274	 52.71088	298.33642	  0.00000	241	25
 708	3027	 274	 47.43337	300.76322	  0.00000	242	25
 662	3052	 274	 42.42799	303.48215	  0.00000	243	25
 631	3120	 274	 38.97340	310.89851	  0.00000	244	25
 610	3191	 274	 36.65814	318.65428	  0.00000	245	25
 603	3244	 274	 35.89113	324.48579	  0.00000	246	25
 591	3276	 274	 34.64304	328.00311	  0.00000	247	25
 572	3310	 274	 32.55479	331.76029	  0.00000	248	25
 536	3329	 274	 28.59848	333.75009	  0.00000	249	25
 491	3334	 274	 23.75510	334.36219	  0.00000	250	25
 483	3381	 274	 22.77385	339.41754	  0.00000	251	25
 448	3446	 274	 18.99579	346.61820	  0.00000	252	25
 442	3504	 274	 18.31129	352.93456	  0.00000	253	25
 427	3549	 274	 16.75604	357.77058	  0.00000	254	25
 406	3580	 274	 14.40135	361.17385	  0.00000	255	25
 378	3599	 274	 11.35265	363.25985	  0.00000	256	25
 350	3619	 274	  8.29364	365.49289	  0.00000	257	25
 327	3630	 274	  5.74445	366.72028	  0.00000	258	25
 310	3632	 274	  3.96722	366.92313	  0.00000	259	25
 303	3637	 274	  3.13466	367.38719	  0.00000	260	25
 302	3665	 274	  3.03338	370.51158	  0.00000	261	25
 299	3700	 274	  2.69080	374.27331	  0.00000	262	25
 293	3729	 274	  2.09668	377.52856	  0.00000	263	25
 286	3749	 274	  1.34304	379.69745	  0.00000	264	25
 279	3760	 274	  0.50574	380.85486	  0.00000	265	25
3935	3762	 274	400.00405	381.13988	  0.00000	266	25
3932	3757	 274	399.65540	380.58592	  0.00000	267	25
3909	3744	 274	397.13644	379.10900	  0.00000	268	25
3875	3720	 274	393.44052	376.52264	  0.00000	269	25
3845	3687	 274	390.19125	372.93538	  0.00000	270	25
3819	3653	 274	387.34775	369.14232	  0.00000	271	25
3811	3631	 274	386.48631	366.78530	  0.00000	272	25
3806	3632	 274	385.92820	366.92175	  0.00000	273	25
3806	3626	 274	385.93309	366.26520	  0.00000	274	25
3812	3608	 274	386.51298	364.29063	  0.00000	275	25
3820	3589	 274	387.41173	362.18210	  0.00000	276	25
3849	3561	 274	390.62563	359.13230	  0.00000	277	25
3882	3519	 274	394.21875	354.48940	  0.00000	278	25
3917	3460	 274	398.07297	348.14195	  0.00000	279	25
3935	3390	 274	399.99786	340.42660	  0.00000	280	25
 275	3336	 274	  0.11985	334.54780	  0.00000	281	25
 284	3329	 274	  1.10758	333.73467	  0.00000	282	25
 293	3307	 274	  2.02424	331.37713	  0.00000	283	25
 299	3271	 274	  2.73989	327.46363	  0.00000	284	25
 302	3229	 274	  3.07345	322.87843	  0.00000	285	25
 306	3162	 274	  3.51166	315.53992	  0.00000	286	25
 324	3080	 274	  5.49710	306.55902	  0.00000	287	25
 355	3027	 274	  8.88067	300.76814	  0.00000	288	25
 394	3012	 274	 13.10024	299.17843	  0.00000	289	25
 426	2950	 274	 16.61555	292.37675	  0.00000	290	25
 445	2885	 274	 18.64836	285.24505	  0.00000	291	25
 475	2794	 274	 21.98218	275.33117	  0.00000	292	25
 498	2734	 274	 24.46623	268.80764	  0.00000	293	25
 567	2714	 274	 32.04796	266.59414	  0.00000	294	25
 597	2646	 274	 35.24375	259.14297	  0.00000	295	25
 610	2535	 274	 36.69326	247.02777	  0.00000	296	25
 651	2464	 274	 41.22636	239.25285	  0.00000	297	25
 730	2421	 274	 49.80151	234.60915	  0.00000	298	25
 796	2392	 274	 57.07967	231.35197	  0.00000	299	25
 864	2317	 274	 64.42236	223.25885	  0.00000	300	25
 902	2209	 274	 68.63263	211.40510	  0.00000	301	25
 917	2122	 274	 70.19279	201.93573	  0.00000	302	25
1001	2080	 274	 79.44476	197.32403	  0.00000	303	25
1076	1967	 274	 87.62381	184.96941	  0.00000	304	25
1172	1876	 274	 98.11693	174.98510	  0.00000	305	25
1214	1816	 274	102.73032	168.46156	  0.00000	306	25
1306	1787	 274	112.74028	165.35565	  0.00000	307	25
1405	1712	 274	123.51770	157.11723	  0.00000	308	25
1503	1627	 274	134.30095	147.81404	  0.00000	309	25
1558	1532	 274	140.31073	137.39492	  0.00000	310	25
1691	1504	 274	154.77842	134.34026	  0.00000	311	25
1789	1445	 274	165.54145	127.90230	  0.00000	312	25
1824	1367	 274	169.30073	119.40383	  0.00000	313	25
1933	1294	 274	181.26503	111.39061	  0.00000	314	25
2080	1226	 274	197.32299	104.00749	  0.00000	315	25
2142	1209	 274	204.11532	102.11678	  0.00000	316	25
2293	1171	 274	220.58770	 98.02417	  0.00000	317	25
2396	1129	 274	231.82989	 93.45961	  0.00000	318	25
2431	1059	 274	235.67325	 85.79405	  0.00000	319	25
2532	1033	 274	246.67789	 82.89814	  0.00000	320	25
2684	 992	 274	263.27039	 78.44184	  0.00000	321	25
2733	 951	 274	268.64964	 73.97160	  0.00000	322	25
2842	 925	 274	280.58155	 71.10936	  0.00000	323	25
2955	 912	 274	292.93471	 69.69567	  0.00000	324	25
3027	 908	 274	300.73965	 69.23990	  0.00000	325	25
3100	 908	 274	308.77823	 69.23075	  0.00000	326	25
3222	 908	 274	322.08130	 69.23106	  0.00000	327	25
3287	 908	 274	329.14399	 69.23075	  0.00000	328	25
3329	 908	 274	333.80583	 69.21925	  0.00000	329	25
3370	 911	 274	338.21587	 69.61170	  0.00000	330	25
3476	 925	 274	349.79363	 71.12674	  0.00000	331	25
3550	 956	 274	357.97806	 74.50328	  0.00000	332	25
3591	1004	 274	362.43800	 79.75457	  0.00000	333	25
3617	1045	 274	365.28554	 84.27390	  0.00000	334	25
3631	1100	 274	366.77309	 90.25504	  0.00000	335	25
3632	1159	 274	366.92363	 96.68594	  0.00000	336	25
3632	1206	 274	366.91918	101.80317	  0.00000	337	25
3637	1227	 274	367.47247	104.08332	  0.00000	338	25
3635	1308	 274	367.24518	113.00931	  0.00000	339	25
3632	1381	 274	366.85479	120.96968	  0.00000	340	25
3632	1480	 274	366.92504	131.76554	  0.00000	341	25
3629	1515	 274	366.55941	135.63444	  0.00000	342	25
3615	1605	 274	365.00028	145.41935	  0.00000	343	25
3593	1710	 274	362.66455	156.87204	  0.00000	344	25
3566	1795	 274	359.67123	166.17805	  0.00000	345	25
3521	1822	 274	354.81174	169.11522	  0.00000	346	25
3459	1917	 274	347.98669	179.54250	  0.00000	347	25
3384	2050	 274	339.76760	194.00538	  0.00000	348	25
3333	2119	 274	334.17462	201.53866	  0.00000	349	25
3327	2217	 274	333.56704	212.28981	  0.00000	350	25
3302	2339	 274	330.79124	225.56804	  0.00000	351	25
3268	2412	 274	327.10792	233.63983	  0.00000	352	25
3227	2443	 274	322.65615	236.92966	  0.00000	353	25
3168	2529	 274	316.14489	246.33056	  0.00000	354	25
3097	2656	 274	308.43861	260.28931	  0.00000	355	25
3041	2722	 274	302.33738	267.44326	  0.00000	356	25
3026	2751	 274	300.72353	270.66924	  0.00000	357	25
3008	2839	 274	298.68396	280.21146	  0.00000	358	25
2966	2907	 274	294.12666	287.69955	  0.00000	359	25
