#DAC1	DAC2	DAC3	#phi1	phi2	phi3	azimuth -- at Altitude = 00
3329	1224	 274	333.79686	103.73613	  0.00000	000	00
3329	1226	 274	333.76684	104.01799	  0.00000	001	00
3328	1229	 274	333.71636	104.34041	  0.00000	002	00
3328	1232	 274	333.63728	104.70759	  0.00000	003	00
3327	1236	 274	333.52022	105.12399	  0.00000	004	00
3325	1241	 274	333.35494	105.59430	  0.00000	005	00
3323	1245	 274	333.13244	106.12347	  0.00000	006	00
3320	1251	 274	332.83795	106.71661	  0.00000	007	00
3317	1257	 274	332.46286	107.37902	  0.00000	008	00
3313	1264	 274	332.00242	108.11608	  0.00000	009	00
3308	1271	 274	331.43477	108.93324	  0.00000	010	00
3301	1279	 274	330.77429	109.83592	  0.00000	011	00
3295	1288	 274	330.05011	110.82723	  0.00000	012	00
3286	1298	 274	329.13408	111.87790	  0.00000	013	00
3278	1308	 274	328.26068	112.96865	  0.00000	014	00
3274	1318	 274	327.78021	114.08530	  0.00000	015	00
3268	1329	 274	327.16659	115.20943	  0.00000	016	00
3262	1339	 274	326.41412	116.31760	  0.00000	017	00
3253	1348	 274	325.51888	117.38062	  0.00000	018	00
3244	1357	 274	324.47872	118.36257	  0.00000	019	00
3233	1365	 274	323.29332	119.21986	  0.00000	020	00
3221	1371	 274	321.96419	119.90011	  0.00000	021	00
3207	1378	 274	320.49461	120.58548	  0.00000	022	00
3193	1390	 274	318.88964	121.89840	  0.00000	023	00
3177	1406	 274	317.15597	123.67649	  0.00000	024	00
3160	1424	 274	315.30188	125.62973	  0.00000	025	00
3142	1441	 274	313.33711	127.49325	  0.00000	026	00
3123	1457	 274	311.30040	129.21274	  0.00000	027	00
3105	1471	 274	309.27509	130.75036	  0.00000	028	00
3087	1483	 274	307.32394	132.06806	  0.00000	029	00
3070	1493	 274	305.51101	133.20518	  0.00000	030	00
3056	1502	 274	303.90109	134.15714	  0.00000	031	00
3043	1509	 274	302.55867	134.87491	  0.00000	032	00
3034	1512	 274	301.54689	135.29871	  0.00000	033	00
3028	1513	 274	300.92651	135.39154	  0.00000	034	00
3027	1524	 274	300.76947	136.57832	  0.00000	035	00
3026	1539	 274	300.71245	138.17829	  0.00000	036	00
3024	1559	 274	300.43814	140.36564	  0.00000	037	00
3019	1584	 274	299.95072	143.13078	  0.00000	038	00
3013	1614	 274	299.26649	146.43040	  0.00000	039	00
3005	1645	 274	298.40252	149.80098	  0.00000	040	00
2996	1673	 274	297.37649	152.79511	  0.00000	041	00
2985	1693	 274	296.20648	154.99354	  0.00000	042	00
2973	1716	 274	294.91083	157.49386	  0.00000	043	00
2960	1742	 274	293.50796	160.41677	  0.00000	044	00
2947	1766	 274	292.02697	163.02297	  0.00000	045	00
2933	1787	 274	290.56215	165.26539	  0.00000	046	00
2921	1803	 274	289.21858	167.01110	  0.00000	047	00
2911	1813	 274	288.08451	168.13235	  0.00000	048	00
2903	1816	 274	287.23347	168.46164	  0.00000	049	00
2897	1824	 274	286.61468	169.37328	  0.00000	050	00
2890	1851	 274	285.83732	172.33158	  0.00000	051	00
2882	1884	 274	284.90416	175.95477	  0.00000	052	00
2872	1916	 274	283.85818	179.40119	  0.00000	053	00
2862	1952	 274	282.73682	183.34874	  0.00000	054	00
2851	2002	 274	281.57251	188.81197	  0.00000	055	00
2840	2048	 274	280.39316	193.77525	  0.00000	056	00
2830	2085	 274	279.22257	197.90381	  0.00000	057	00
2819	2111	 274	278.08084	200.66897	  0.00000	058	00
2809	2119	 274	276.98478	201.53840	  0.00000	059	00
2800	2141	 274	275.94820	203.99610	  0.00000	060	00
2791	2181	 274	274.99281	208.31601	  0.00000	061	00
2783	2234	 274	274.13445	214.12521	  0.00000	062	00
2776	2287	 274	273.36406	219.98597	  0.00000	063	00
2770	2322	 274	272.67307	223.78909	  0.00000	064	00
2764	2363	 274	272.05371	228.22608	  0.00000	065	00
2759	2393	 274	271.49889	231.50386	  0.00000	066	00
2754	2413	 274	271.00217	233.69149	  0.00000	067	00
2750	2421	 274	270.55773	234.60386	  0.00000	068	00
2747	2430	 274	270.16028	235.50926	  0.00000	069	00
2743	2461	 274	269.80501	238.99585	  0.00000	070	00
2741	2498	 274	269.48760	242.96245	  0.00000	071	00
2738	2533	 274	269.20414	246.84261	  0.00000	072	00
2736	2579	 274	268.95107	251.85918	  0.00000	073	00
2734	2647	 274	268.72520	259.24146	  0.00000	074	00
2732	2690	 274	268.52367	263.93950	  0.00000	075	00
2730	2716	 274	268.34388	266.82745	  0.00000	076	00
2729	2724	 274	268.18349	267.69233	  0.00000	077	00
2724	2739	 274	267.72861	269.31002	  0.00000	078	00
2724	2768	 274	267.70756	272.43816	  0.00000	079	00
2724	2814	 274	267.69048	277.49207	  0.00000	080	00
2724	2866	 274	267.69212	283.14217	  0.00000	081	00
2724	2900	 274	267.69219	286.96428	  0.00000	082	00
2724	2937	 274	267.69061	290.91915	  0.00000	083	00
2724	2980	 274	267.67548	295.61935	  0.00000	084	00
2724	3010	 274	267.64459	298.88869	  0.00000	085	00
2723	3025	 274	267.59942	300.55638	  0.00000	086	00
2723	3028	 274	267.54129	300.92499	  0.00000	087	00
2722	3050	 274	267.47135	303.24574	  0.00000	088	00
2721	3087	 274	267.39064	307.31702	  0.00000	089	00
2721	3130	 274	267.30004	312.09106	  0.00000	090	00
2720	3172	 274	267.20016	316.66629	  0.00000	091	00
2719	3208	 274	267.09061	320.56080	  0.00000	092	00
2718	3237	 274	266.97035	323.72253	  0.00000	093	00
2716	3259	 274	266.83784	326.13393	  0.00000	094	00
2715	3274	 274	266.69106	327.80064	  0.00000	095	00
2713	3291	 274	266.52749	329.63917	  0.00000	096	00
2712	3308	 274	266.34413	331.51819	  0.00000	097	00
2710	3321	 274	266.13745	332.87580	  0.00000	098	00
2708	3328	 274	265.90336	333.63667	  0.00000	099	00
2705	3330	 274	265.63723	333.84648	  0.00000	100	00
2703	3330	 274	265.33380	333.91217	  0.00000	101	00
2699	3338	 274	264.98718	334.77717	  0.00000	102	00
2696	3353	 274	264.59080	336.43688	  0.00000	103	00
2692	3372	 274	264.13752	338.49889	  0.00000	104	00
2687	3392	 274	263.61983	340.68095	  0.00000	105	00
2681	3411	 274	263.02987	342.79119	  0.00000	106	00
2675	3429	 274	262.35951	344.70859	  0.00000	107	00
2668	3444	 274	261.53369	346.36189	  0.00000	108	00
2659	3456	 274	260.59518	347.71219	  0.00000	109	00
2649	3466	 274	259.53934	348.77309	  0.00000	110	00
2639	3473	 274	258.34846	349.56153	  0.00000	111	00
2626	3478	 274	257.02242	350.09123	  0.00000	112	00
2625	3481	 274	256.89714	350.37194	  0.00000	113	00
2586	3481	 274	252.57487	350.40901	  0.00000	114	00
2570	3479	 274	250.90099	350.20313	  0.00000	115	00
2556	3475	 274	249.30665	349.75026	  0.00000	116	00
2542	3469	 274	247.78028	349.04187	  0.00000	117	00
2529	3460	 274	246.32576	348.06527	  0.00000	118	00
2516	3448	 274	244.91374	346.80433	  0.00000	119	00
2503	3434	 274	243.49587	345.24096	  0.00000	120	00
2489	3417	 274	241.99993	343.39589	  0.00000	121	00
2474	3398	 274	240.32892	341.33208	  0.00000	122	00
2457	3378	 274	238.50132	339.15284	  0.00000	123	00
2441	3359	 274	236.73043	337.02726	  0.00000	124	00
2428	3342	 274	235.31723	335.20925	  0.00000	125	00
2422	3332	 274	234.65871	334.05856	  0.00000	126	00
2421	3330	 274	234.56067	333.84620	  0.00000	127	00
2417	3329	 274	234.09166	333.75286	  0.00000	128	00
2408	3323	 274	233.12252	333.15906	  0.00000	129	00
2394	3312	 274	231.65478	331.97846	  0.00000	130	00
2376	3296	 274	229.64416	330.23084	  0.00000	131	00
2352	3277	 274	227.06181	328.14387	  0.00000	132	00
2322	3264	 274	223.76492	326.68249	  0.00000	133	00
2298	3244	 274	221.13592	324.47828	  0.00000	134	00
2259	3217	 274	216.86818	321.51929	  0.00000	135	00
2212	3183	 274	211.78513	317.81719	  0.00000	136	00
2170	3143	 274	207.13571	313.41501	  0.00000	137	00
2137	3099	 274	203.55277	308.61502	  0.00000	138	00
2119	3059	 274	201.53862	304.26928	  0.00000	139	00
2110	3032	 274	200.61986	301.34854	  0.00000	140	00
2085	3027	 274	197.82302	300.73413	  0.00000	141	00
2045	3016	 274	193.52246	299.58086	  0.00000	142	00
1996	2991	 274	188.18125	296.84417	  0.00000	143	00
1943	2952	 274	182.37931	292.61596	  0.00000	144	00
1905	2910	 274	178.14187	287.99629	  0.00000	145	00
1867	2881	 274	174.01005	284.87741	  0.00000	146	00
1829	2834	 274	169.94313	279.74482	  0.00000	147	00
1816	2784	 274	168.46156	274.23965	  0.00000	148	00
1810	2749	 274	167.83832	270.42078	  0.00000	149	00
1792	2729	 274	165.84209	268.25318	  0.00000	150	00
1763	2722	 274	162.70881	267.49942	  0.00000	151	00
1726	2705	 274	158.68098	265.56721	  0.00000	152	00
1689	2671	 274	154.64913	261.88383	  0.00000	153	00
1650	2618	 274	150.28337	256.12687	  0.00000	154	00
1596	2557	 274	144.40766	249.42932	  0.00000	155	00
1549	2518	 274	139.32401	245.12899	  0.00000	156	00
1520	2484	 274	136.09850	241.44462	  0.00000	157	00
1511	2448	 274	135.12943	237.50830	  0.00000	158	00
1496	2424	 274	133.47442	234.85060	  0.00000	159	00
1469	2420	 274	130.52133	234.46461	  0.00000	160	00
1428	2408	 274	126.02491	233.15918	  0.00000	161	00
1381	2386	 274	120.92060	230.71702	  0.00000	162	00
1358	2354	 274	118.41333	227.28925	  0.00000	163	00
1322	2317	 274	114.46754	223.23994	  0.00000	164	00
1279	2278	 274	109.79049	218.98075	  0.00000	165	00
1243	2225	 274	105.85128	213.12886	  0.00000	166	00
1220	2175	 274	103.30422	207.65817	  0.00000	167	00
1210	2138	 274	102.30881	203.65638	  0.00000	168	00
1205	2119	 274	101.67431	201.53868	  0.00000	169	00
1185	2110	 274	 99.57453	200.59028	  0.00000	170	00
1163	2085	 274	 97.09664	197.87055	  0.00000	171	00
1144	2049	 274	 95.02661	193.87871	  0.00000	172	00
1116	2005	 274	 91.96746	189.09674	  0.00000	173	00
1078	1956	 274	 87.79298	183.74978	  0.00000	174	00
1052	1920	 274	 84.98868	179.83698	  0.00000	175	00
1041	1889	 274	 83.76335	176.49569	  0.00000	176	00
1023	1858	 274	 81.80583	173.02275	  0.00000	177	00
1001	1829	 274	 79.45304	169.90996	  0.00000	178	00
 979	1816	 274	 76.97130	168.48989	  0.00000	179	00
 957	1815	 274	 74.63312	168.32211	  0.00000	180	00
 940	1807	 274	 72.76533	167.47603	  0.00000	181	00
 927	1793	 274	 71.35366	165.99319	  0.00000	182	00
 918	1775	 274	 70.34802	164.01777	  0.00000	183	00
 912	1753	 274	 69.69348	161.62663	  0.00000	184	00
 909	1729	 274	 69.33338	158.98804	  0.00000	185	00
 908	1700	 274	 69.21184	155.79175	  0.00000	186	00
 908	1684	 274	 69.23076	154.05460	  0.00000	187	00
 908	1660	 274	 69.21187	151.43384	  0.00000	188	00
 907	1631	 274	 69.15142	148.20733	  0.00000	189	00
 906	1599	 274	 69.06616	144.75720	  0.00000	190	00
 905	1571	 274	 68.96936	141.64823	  0.00000	191	00
 904	1547	 274	 68.87111	139.10821	  0.00000	192	00
 904	1530	 274	 68.77892	137.17041	  0.00000	193	00
 903	1518	 274	 68.69805	135.86129	  0.00000	194	00
 902	1513	 274	 68.63200	135.35646	  0.00000	195	00
 902	1510	 274	 68.58274	134.98369	  0.00000	196	00
 901	1503	 274	 68.55105	134.23206	  0.00000	197	00
 901	1493	 274	 68.53676	133.16527	  0.00000	198	00
 901	1481	 274	 68.53890	131.83565	  0.00000	199	00
 902	1466	 274	 68.55593	130.21300	  0.00000	200	00
 902	1448	 274	 68.58590	128.25237	  0.00000	201	00
 902	1427	 274	 68.62656	125.99790	  0.00000	202	00
 903	1405	 274	 68.67551	123.51995	  0.00000	203	00
 903	1384	 274	 68.73030	121.30737	  0.00000	204	00
 904	1373	 274	 68.78854	120.02996	  0.00000	205	00
 904	1364	 274	 68.84794	119.07831	  0.00000	206	00
 905	1352	 274	 68.90646	117.72673	  0.00000	207	00
 905	1337	 274	 68.96229	116.08467	  0.00000	208	00
 906	1320	 274	 69.01398	114.25108	  0.00000	209	00
 906	1302	 274	 69.06038	112.31564	  0.00000	210	00
 907	1284	 274	 69.10076	110.36020	  0.00000	211	00
 907	1267	 274	 69.13473	108.53300	  0.00000	212	00
 907	1253	 274	 69.16228	106.91975	  0.00000	213	00
 907	1240	 274	 69.18370	105.53235	  0.00000	214	00
 907	1229	 274	 69.19960	104.38195	  0.00000	215	00
 908	1221	 274	 69.21075	103.47921	  0.00000	216	00
 908	1215	 274	 69.21807	102.83450	  0.00000	217	00
 908	1212	 274	 69.22246	102.45805	  0.00000	218	00
 908	1210	 274	 69.22469	102.30846	  0.00000	219	00
 908	1210	 274	 69.22526	102.21638	  0.00000	220	00
 908	1206	 274	 69.22422	101.79357	  0.00000	221	00
 908	1199	 274	 69.22097	101.09955	  0.00000	222	00
 908	1191	 274	 69.21412	100.21217	  0.00000	223	00
 907	1182	 274	 69.20122	 99.20630	  0.00000	224	00
 907	1172	 274	 69.17863	 98.15474	  0.00000	225	00
 907	1163	 274	 69.14146	 97.12923	  0.00000	226	00
 906	1155	 274	 69.08450	 96.20169	  0.00000	227	00
 906	1147	 274	 69.00238	 95.35583	  0.00000	228	00
 905	1138	 274	 68.88989	 94.36234	  0.00000	229	00
 903	1125	 274	 68.74215	 92.99046	  0.00000	230	00
 902	1110	 274	 68.55495	 91.34418	  0.00000	231	00
 899	1093	 274	 68.32594	 89.50399	  0.00000	232	00
 897	1075	 274	 68.05477	 87.51464	  0.00000	233	00
 894	1060	 274	 67.73980	 85.83002	  0.00000	234	00
 891	1052	 274	 67.37865	 85.00041	  0.00000	235	00
 887	1048	 274	 66.97344	 84.55238	  0.00000	236	00
 883	1042	 274	 66.52217	 83.89197	  0.00000	237	00
 878	1034	 274	 66.02439	 83.05512	  0.00000	238	00
 873	1025	 274	 65.48658	 82.07616	  0.00000	239	00
 868	1015	 274	 64.91644	 80.98757	  0.00000	240	00
 863	1005	 274	 64.32136	 79.81982	  0.00000	241	00
 857	 993	 274	 63.71101	 78.60116	  0.00000	242	00
 852	 982	 274	 63.09885	 77.35753	  0.00000	243	00
 846	 971	 274	 62.49678	 76.11237	  0.00000	244	00
 840	 960	 274	 61.87900	 74.93186	  0.00000	245	00
 835	 950	 274	 61.24234	 73.86995	  0.00000	246	00
 829	 942	 274	 60.60407	 72.92698	  0.00000	247	00
 823	 934	 274	 59.98145	 72.10190	  0.00000	248	00
 818	 927	 274	 59.39144	 71.39237	  0.00000	249	00
 813	 922	 274	 58.85048	 70.79476	  0.00000	250	00
 808	 918	 274	 58.38714	 70.30427	  0.00000	251	00
 805	 914	 274	 58.02131	 69.91499	  0.00000	252	00
 803	 911	 274	 57.75542	 69.62001	  0.00000	253	00
 801	 909	 274	 57.58861	 69.41151	  0.00000	254	00
 801	 908	 274	 57.52022	 69.28092	  0.00000	255	00
 801	 908	 274	 57.55282	 69.21900	  0.00000	256	00
 802	 908	 274	 57.69437	 69.22995	  0.00000	257	00
 805	 908	 274	 57.95851	 69.23076	  0.00000	258	00
 808	 908	 274	 58.36247	 69.22895	  0.00000	259	00
 813	 908	 274	 58.92138	 69.21452	  0.00000	260	00
 820	 907	 274	 59.61757	 69.19019	  0.00000	261	00
 827	 907	 274	 60.42018	 69.15986	  0.00000	262	00
 835	 907	 274	 61.30363	 69.12705	  0.00000	263	00
 844	 906	 274	 62.23035	 69.09483	  0.00000	264	00
 852	 906	 274	 63.17429	 69.06588	  0.00000	265	00
 862	 906	 274	 64.19707	 69.04239	  0.00000	266	00
 871	 906	 274	 65.26300	 69.02611	  0.00000	267	00
 881	 906	 274	 66.31936	 69.01825	  0.00000	268	00
 890	 906	 274	 67.29993	 69.01953	  0.00000	269	00
 898	 906	 274	 68.15839	 69.03004	  0.00000	270	00
 904	 906	 274	 68.82954	 69.04922	  0.00000	271	00
 907	 906	 274	 69.19697	 69.07553	  0.00000	272	00
 908	 907	 274	 69.24333	 69.10681	  0.00000	273	00
 916	 907	 274	 70.14069	 69.14042	  0.00000	274	00
 936	 907	 274	 72.28372	 69.17328	  0.00000	275	00
 966	 907	 274	 75.64257	 69.20194	  0.00000	276	00
1003	 908	 274	 79.64779	 69.22258	  0.00000	277	00
1034	 908	 274	 83.07521	 69.23103	  0.00000	278	00
1053	 908	 274	 85.05350	 69.23075	  0.00000	279	00
1098	 908	 274	 90.01891	 69.21224	  0.00000	280	00
1142	 908	 274	 94.80268	 69.23956	  0.00000	281	00
1169	 909	 274	 97.72614	 69.33034	  0.00000	282	00
1198	 910	 274	100.95914	 69.49107	  0.00000	283	00
1210	 912	 274	102.30826	 69.72886	  0.00000	284	00
1224	 915	 274	103.77900	 70.04980	  0.00000	285	00
1261	 919	 274	107.83248	 70.45889	  0.00000	286	00
1315	 924	 274	113.72405	 70.95993	  0.00000	287	00
1361	 929	 274	118.79730	 71.55551	  0.00000	288	00
1398	 935	 274	122.80116	 72.24695	  0.00000	289	00
1458	 943	 274	129.30613	 73.03434	  0.00000	290	00
1495	 951	 274	133.41454	 73.91650	  0.00000	291	00
1513	 960	 274	135.31216	 74.89104	  0.00000	292	00
1533	 969	 274	137.58896	 75.95442	  0.00000	293	00
1587	 979	 274	143.42584	 77.07125	  0.00000	294	00
1655	 990	 274	150.93104	 78.17941	  0.00000	295	00
1699	1000	 274	155.69975	 79.26181	  0.00000	296	00
1754	1009	 274	161.68102	 80.30171	  0.00000	297	00
1793	1018	 274	165.95378	 81.28224	  0.00000	298	00
1814	1026	 274	168.24093	 82.18680	  0.00000	299	00
1822	1034	 274	169.13940	 82.99926	  0.00000	300	00
1870	1040	 274	174.31814	 83.70434	  0.00000	301	00
1921	1046	 274	179.94394	 84.28787	  0.00000	302	00
1988	1050	 274	187.29358	 84.73709	  0.00000	303	00
2057	1052	 274	194.81782	 85.04491	  0.00000	304	00
2105	1058	 274	200.04037	 85.68683	  0.00000	305	00
2119	1069	 274	201.53411	 86.82523	  0.00000	306	00
2162	1082	 274	206.24773	 88.22838	  0.00000	307	00
2231	1094	 274	213.81915	 89.62581	  0.00000	308	00
2301	1106	 274	221.44917	 90.90236	  0.00000	309	00
2349	1117	 274	226.66638	 92.05613	  0.00000	310	00
2391	1126	 274	231.29526	 93.08672	  0.00000	311	00
2416	1134	 274	233.97752	 93.97871	  0.00000	312	00
2422	1141	 274	234.67019	 94.67540	  0.00000	313	00
2449	1146	 274	237.60198	 95.23102	  0.00000	314	00
2492	1150	 274	242.34655	 95.70405	  0.00000	315	00
2533	1154	 274	246.81084	 96.14161	  0.00000	316	00
2588	1158	 274	252.77084	 96.57993	  0.00000	317	00
2658	1162	 274	260.44816	 97.02754	  0.00000	318	00
2699	1166	 274	265.00127	 97.47454	  0.00000	319	00
2721	1170	 274	267.38517	 97.91279	  0.00000	320	00
2728	1174	 274	268.16932	 98.33615	  0.00000	321	00
2748	1178	 274	270.34024	 98.74020	  0.00000	322	00
2783	1181	 274	274.13876	 99.12188	  0.00000	323	00
2833	1185	 274	279.53683	 99.47928	  0.00000	324	00
2879	1188	 274	284.56431	 99.81139	  0.00000	325	00
2906	1190	 274	287.55709	100.11789	  0.00000	326	00
2943	1193	 274	291.58380	100.39902	  0.00000	327	00
2980	1195	 274	295.70347	100.65545	  0.00000	328	00
3007	1197	 274	298.61070	100.88810	  0.00000	329	00
3022	1199	 274	300.28659	101.09814	  0.00000	330	00
3027	1201	 274	300.76927	101.28682	  0.00000	331	00
3034	1203	 274	301.55967	101.45548	  0.00000	332	00
3056	1204	 274	303.93837	101.60544	  0.00000	333	00
3086	1205	 274	307.20898	101.73799	  0.00000	334	00
3119	1206	 274	310.83138	101.85435	  0.00000	335	00
3151	1207	 274	314.38656	101.95563	  0.00000	336	00
3180	1208	 274	317.54659	102.04281	  0.00000	337	00
3205	1209	 274	320.26502	102.11673	  0.00000	338	00
3226	1209	 274	322.55363	102.17809	  0.00000	339	00
3243	1210	 274	324.43368	102.22738	  0.00000	340	00
3257	1210	 274	325.93366	102.26491	  0.00000	341	00
3268	1210	 274	327.08725	102.29078	  0.00000	342	00
3275	1210	 274	327.93165	102.30488	  0.00000	343	00
3283	1210	 274	328.74859	102.30788	  0.00000	344	00
3295	1210	 274	330.03785	102.30803	  0.00000	345	00
3303	1210	 274	330.96580	102.30826	  0.00000	346	00
3310	1210	 274	331.76044	102.30881	  0.00000	347	00
3316	1210	 274	332.37289	102.30873	  0.00000	348	00
3320	1210	 274	332.83845	102.30897	  0.00000	349	00
3323	1211	 274	333.17935	102.40136	  0.00000	350	00
3326	1212	 274	333.41862	102.47050	  0.00000	351	00
3327	1212	 274	333.58253	102.52972	  0.00000	352	00
3328	1213	 274	333.68894	102.60420	  0.00000	353	00
3329	1214	 274	333.75434	102.69570	  0.00000	354	00
3329	1215	 274	333.79197	102.80624	  0.00000	355	00
3329	1216	 274	333.81172	102.93806	  0.00000	356	00
3329	1218	 274	333.82018	103.09371	  0.00000	357	00
3329	1219	 274	333.82098	103.27596	  0.00000	358	00
3329	1221	 274	333.81464	103.48789	  0.00000	359	00
