#DAC1	DAC2	DAC3	#phi1	phi2	phi3	azimuth -- at Altitude = 80
1216	 735	 274	102.90284	 50.30732	  0.00000	000	80
1234	 768	 274	104.88623	 53.92687	  0.00000	001	80
1265	 790	 274	108.28567	 56.39098	  0.00000	002	80
1307	 820	 274	112.86016	 59.60735	  0.00000	003	80
1348	 848	 274	117.28318	 62.69806	  0.00000	004	80
1374	 870	 274	120.13628	 65.16389	  0.00000	005	80
1417	 889	 274	124.91159	 67.14779	  0.00000	006	80
1465	 901	 274	130.09091	 68.51612	  0.00000	007	80
1496	 907	 274	133.47842	 69.18906	  0.00000	008	80
1512	 909	 274	135.24131	 69.38297	  0.00000	009	80
1526	 925	 274	136.83674	 71.17225	  0.00000	010	80
1570	 957	 274	141.53948	 74.63908	  0.00000	011	80
1633	 998	 274	148.47215	 79.10641	  0.00000	012	80
1687	1033	 274	154.34013	 82.89925	  0.00000	013	80
1732	1052	 274	159.34617	 85.02687	  0.00000	014	80
1777	1097	 274	164.17636	 89.91405	  0.00000	015	80
1806	1140	 274	167.42026	 94.65876	  0.00000	016	80
1816	1166	 274	168.46491	 97.40385	  0.00000	017	80
1844	1193	 274	171.50317	100.44930	  0.00000	018	80
1898	1210	 274	177.43327	102.25885	  0.00000	019	80
1955	1216	 274	183.66575	102.86305	  0.00000	020	80
2034	1238	 274	192.26632	105.32368	  0.00000	021	80
2094	1276	 274	198.81974	109.43194	  0.00000	022	80
2119	1321	 274	201.53719	114.37234	  0.00000	023	80
2155	1358	 274	205.53691	118.44741	  0.00000	024	80
2231	1381	 274	213.80105	120.98630	  0.00000	025	80
2308	1428	 274	222.19508	126.02950	  0.00000	026	80
2363	1467	 274	228.24918	130.37768	  0.00000	027	80
2405	1494	 274	232.78780	133.23599	  0.00000	028	80
2421	1509	 274	234.60974	134.93569	  0.00000	029	80
2445	1513	 274	237.21426	135.39241	  0.00000	030	80
2500	1535	 274	243.16420	137.75224	  0.00000	031	80
2557	1568	 274	249.47618	141.37869	  0.00000	032	80
2650	1611	 274	259.63566	146.08434	  0.00000	033	80
2707	1654	 274	265.84959	150.76721	  0.00000	034	80
2724	1686	 274	267.69048	154.26652	  0.00000	035	80
2755	1711	 274	271.07363	156.98732	  0.00000	036	80
2823	1742	 274	278.47028	160.35438	  0.00000	037	80
2893	1767	 274	286.19923	163.12953	  0.00000	038	80
2950	1787	 274	292.37500	165.34401	  0.00000	039	80
3007	1802	 274	298.58056	166.96676	  0.00000	040	80
3027	1812	 274	300.76939	168.00137	  0.00000	041	80
3055	1816	 274	303.80735	168.44155	  0.00000	042	80
3125	1817	 274	311.44457	168.54193	  0.00000	043	80
3196	1826	 274	319.22901	169.59991	  0.00000	044	80
3249	1843	 274	324.98818	171.45905	  0.00000	045	80
3279	1863	 274	328.29841	173.56546	  0.00000	046	80
3315	1881	 274	332.29522	175.54288	  0.00000	047	80
3330	1896	 274	333.84371	177.25840	  0.00000	048	80
3343	1911	 274	335.33693	178.81217	  0.00000	049	80
3403	1924	 274	341.89589	180.28546	  0.00000	050	80
3473	1937	 274	349.57065	181.72428	  0.00000	051	80
3530	1950	 274	355.76051	183.14902	  0.00000	052	80
3571	1963	 274	360.24360	184.56222	  0.00000	053	80
3597	1980	 274	363.03611	186.41164	  0.00000	054	80
3621	1991	 274	365.64285	187.60886	  0.00000	055	80
3632	2001	 274	366.89543	188.72242	  0.00000	056	80
3634	2010	 274	367.06478	189.68548	  0.00000	057	80
3684	2018	 274	372.55388	190.50875	  0.00000	058	80
3752	2024	 274	379.98427	191.20383	  0.00000	059	80
3799	2029	 274	385.08726	191.78248	  0.00000	060	80
3825	2034	 274	387.98551	192.25622	  0.00000	061	80
3860	2037	 274	391.84174	192.63600	  0.00000	062	80
3890	2040	 274	395.10363	192.93211	  0.00000	063	80
3910	2042	 274	397.23042	193.15414	  0.00000	064	80
3921	2043	 274	398.48946	193.31099	  0.00000	065	80
3927	2044	 274	399.15588	193.41101	  0.00000	066	80
3930	2045	 274	399.44328	193.46208	  0.00000	067	80
3930	2045	 274	399.49237	193.47171	  0.00000	068	80
3929	2045	 274	399.32674	193.44718	  0.00000	069	80
3925	2044	 274	398.86111	193.39567	  0.00000	070	80
3916	2043	 274	397.90993	193.32429	  0.00000	071	80
3900	2043	 274	396.20283	193.24017	  0.00000	072	80
3875	2042	 274	393.44129	193.15053	  0.00000	073	80
3843	2041	 274	389.96113	193.06266	  0.00000	074	80
3811	2040	 274	386.41970	192.98395	  0.00000	075	80
3773	2040	 274	382.34170	192.92187	  0.00000	076	80
3710	2039	 274	375.43317	192.88392	  0.00000	077	80
3646	2039	 274	368.43783	192.87760	  0.00000	078	80
3632	2040	 274	366.92275	192.91030	  0.00000	079	80
3626	2040	 274	366.21790	192.98927	  0.00000	080	80
3601	2042	 274	363.52712	193.12144	  0.00000	081	80
3579	2043	 274	361.07283	193.31332	  0.00000	082	80
3540	2046	 274	356.83497	193.57079	  0.00000	083	80
3484	2049	 274	350.75288	193.89888	  0.00000	084	80
3413	2052	 274	342.94260	194.30141	  0.00000	085	80
3347	2057	 274	335.77370	194.78066	  0.00000	086	80
3330	2062	 274	333.84653	195.33677	  0.00000	087	80
3315	2068	 274	332.30101	195.96707	  0.00000	088	80
3278	2074	 274	328.20301	196.66520	  0.00000	089	80
3244	2081	 274	324.53014	197.42002	  0.00000	090	80
3186	2088	 274	318.17205	198.21266	  0.00000	091	80
3109	2096	 274	309.72154	199.01170	  0.00000	092	80
3041	2103	 274	302.36656	199.77847	  0.00000	093	80
3025	2109	 274	300.53600	200.46847	  0.00000	094	80
2989	2114	 274	296.65706	201.03095	  0.00000	095	80
2919	2117	 274	288.97548	201.40874	  0.00000	096	80
2863	2119	 274	282.82041	201.53881	  0.00000	097	80
2779	2123	 274	273.74009	201.99217	  0.00000	098	80
2733	2131	 274	268.64074	202.92816	  0.00000	099	80
2717	2143	 274	266.93849	204.21196	  0.00000	100	80
2668	2158	 274	261.60404	205.85338	  0.00000	101	80
2572	2176	 274	251.02260	207.85500	  0.00000	102	80
2506	2198	 274	243.88657	210.21210	  0.00000	103	80
2449	2223	 274	237.59801	212.91245	  0.00000	104	80
2421	2249	 274	234.61117	215.79763	  0.00000	105	80
2403	2275	 274	232.61259	218.59926	  0.00000	106	80
2357	2298	 274	227.62579	221.09145	  0.00000	107	80
2298	2315	 274	221.08521	223.02731	  0.00000	108	80
2211	2331	 274	211.66228	224.77777	  0.00000	109	80
2140	2352	 274	203.88490	227.07271	  0.00000	110	80
2115	2370	 274	201.17769	229.01523	  0.00000	111	80
2074	2386	 274	196.61906	230.71245	  0.00000	112	80
2001	2399	 274	188.68893	232.12540	  0.00000	113	80
1925	2409	 274	180.38580	233.26192	  0.00000	114	80
1869	2416	 274	174.29993	234.07710	  0.00000	115	80
1820	2421	 274	168.94945	234.53018	  0.00000	116	80
1813	2422	 274	168.10518	234.63492	  0.00000	117	80
1789	2426	 274	165.47301	235.11488	  0.00000	118	80
1747	2438	 274	160.90800	236.46147	  0.00000	119	80
1695	2455	 274	155.26999	238.34167	  0.00000	120	80
1648	2474	 274	150.11567	240.41286	  0.00000	121	80
1582	2492	 274	142.89382	242.37432	  0.00000	122	80
1533	2509	 274	137.54139	244.21654	  0.00000	123	80
1513	2527	 274	135.35131	246.10522	  0.00000	124	80
1500	2546	 274	133.92170	248.19086	  0.00000	125	80
1472	2568	 274	130.83485	250.59603	  0.00000	126	80
1428	2606	 274	126.03242	254.76046	  0.00000	127	80
1379	2630	 274	120.74152	257.41139	  0.00000	128	80
1356	2652	 274	118.19327	259.86355	  0.00000	129	80
1320	2672	 274	114.25122	262.02337	  0.00000	130	80
1279	2688	 274	109.84545	263.72279	  0.00000	131	80
1246	2700	 274	106.23774	265.10522	  0.00000	132	80
1224	2710	 274	103.83022	266.17812	  0.00000	133	80
1213	2717	 274	102.58798	266.94941	  0.00000	134	80
1210	2722	 274	102.30562	267.43640	  0.00000	135	80
1205	2724	 274	101.73149	267.66483	  0.00000	136	80
1194	2724	 274	100.55515	267.69207	  0.00000	137	80
1182	2724	 274	 99.21097	267.72636	  0.00000	138	80
1171	2731	 274	 97.95212	268.41285	  0.00000	139	80
1161	2735	 274	 96.90391	268.84210	  0.00000	140	80
1154	2739	 274	 96.10504	269.30765	  0.00000	141	80
1148	2743	 274	 95.48877	269.79922	  0.00000	142	80
1143	2748	 274	 94.95635	270.30620	  0.00000	143	80
1139	2753	 274	 94.49146	270.81824	  0.00000	144	80
1136	2757	 274	 94.12062	271.32558	  0.00000	145	80
1133	2762	 274	 93.87900	271.81942	  0.00000	146	80
1132	2766	 274	 93.79044	272.29204	  0.00000	147	80
1133	2770	 274	 93.85873	272.73699	  0.00000	148	80
1135	2774	 274	 94.06727	273.14911	  0.00000	149	80
1138	2777	 274	 94.38473	273.52451	  0.00000	150	80
1141	2781	 274	 94.77465	273.86058	  0.00000	151	80
1145	2783	 274	 95.20714	274.15586	  0.00000	152	80
1150	2786	 274	 95.67113	274.41000	  0.00000	153	80
1154	2788	 274	 96.18602	274.62360	  0.00000	154	80
1160	2789	 274	 96.80466	274.79812	  0.00000	155	80
1167	2790	 274	 97.54608	274.93574	  0.00000	156	80
1175	2791	 274	 98.38757	275.03924	  0.00000	157	80
1183	2792	 274	 99.29004	275.11190	  0.00000	158	80
1191	2792	 274	100.19827	275.15735	  0.00000	159	80
1199	2793	 274	101.04179	275.17952	  0.00000	160	80
1205	2793	 274	101.73678	275.18251	  0.00000	161	80
1209	2793	 274	102.18880	275.17053	  0.00000	162	80
1210	2792	 274	102.30797	275.14784	  0.00000	163	80
1212	2792	 274	102.44377	275.11873	  0.00000	164	80
1215	2792	 274	102.81577	275.08743	  0.00000	165	80
1221	2792	 274	103.46631	275.05816	  0.00000	166	80
1229	2791	 274	104.37380	275.03508	  0.00000	167	80
1240	2791	 274	105.51094	275.02232	  0.00000	168	80
1252	2791	 274	106.84583	275.02404	  0.00000	169	80
1266	2791	 274	108.34318	275.04443	  0.00000	170	80
1281	2792	 274	109.96547	275.08778	  0.00000	171	80
1296	2792	 274	111.64616	275.15856	  0.00000	172	80
1311	2793	 274	113.25281	275.26153	  0.00000	173	80
1324	2795	 274	114.73136	275.40182	  0.00000	174	80
1336	2796	 274	116.04575	275.58506	  0.00000	175	80
1346	2798	 274	117.17307	275.81755	  0.00000	176	80
1355	2801	 274	118.10356	276.10487	  0.00000	177	80
1362	2804	 274	118.83983	276.45216	  0.00000	178	80
1367	2808	 274	119.39535	276.86551	  0.00000	179	80
1370	2813	 274	119.79217	277.35087	  0.00000	180	80
1373	2818	 274	120.05887	277.91280	  0.00000	181	80
1375	2823	 274	120.29678	278.55123	  0.00000	182	80
1377	2830	 274	120.54863	279.26350	  0.00000	183	80
1379	2837	 274	120.76118	280.04462	  0.00000	184	80
1381	2845	 274	120.90477	280.88667	  0.00000	185	80
1381	2853	 274	120.96602	281.77813	  0.00000	186	80
1381	2861	 274	120.94289	282.70319	  0.00000	187	80
1380	2870	 274	120.84203	283.64100	  0.00000	188	80
1379	2879	 274	120.67757	284.56492	  0.00000	189	80
1377	2887	 274	120.47096	285.44171	  0.00000	190	80
1375	2894	 274	120.25157	286.23075	  0.00000	191	80
1373	2900	 274	120.05715	286.88314	  0.00000	192	80
1371	2906	 274	119.85175	287.52222	  0.00000	193	80
1368	2914	 274	119.57752	288.46955	  0.00000	194	80
1365	2925	 274	119.22577	289.68678	  0.00000	195	80
1361	2938	 274	118.79000	291.10299	  0.00000	196	80
1356	2952	 274	118.26636	292.62321	  0.00000	197	80
1351	2966	 274	117.65396	294.13027	  0.00000	198	80
1344	2979	 274	116.95500	295.55094	  0.00000	199	80
1337	2991	 274	116.17476	296.85955	  0.00000	200	80
1330	3002	 274	115.32146	298.02987	  0.00000	201	80
1321	3011	 274	114.40594	299.03351	  0.00000	202	80
1312	3018	 274	113.44130	299.83981	  0.00000	203	80
1303	3024	 274	112.44236	300.41573	  0.00000	204	80
1294	3026	 274	111.42515	300.72579	  0.00000	205	80
1285	3027	 274	110.40644	300.76952	  0.00000	206	80
1276	3030	 274	109.42501	301.14927	  0.00000	207	80
1267	3040	 274	108.50623	302.17212	  0.00000	208	80
1259	3054	 274	107.65609	303.75469	  0.00000	209	80
1252	3073	 274	106.87906	305.81450	  0.00000	210	80
1246	3095	 274	106.17799	308.25266	  0.00000	211	80
1240	3120	 274	105.55411	310.95321	  0.00000	212	80
1235	3146	 274	105.00703	313.77957	  0.00000	213	80
1231	3171	 274	104.53483	316.54133	  0.00000	214	80
1227	3195	 274	104.13420	319.15556	  0.00000	215	80
1224	3217	 274	103.80066	321.57645	  0.00000	216	80
1222	3237	 274	103.52879	323.75435	  0.00000	217	80
1220	3254	 274	103.31262	325.63565	  0.00000	218	80
1218	3268	 274	103.14595	327.16276	  0.00000	219	80
1217	3279	 274	103.02288	328.27395	  0.00000	220	80
1216	3297	 274	102.93820	330.27817	  0.00000	221	80
1216	3312	 274	102.88800	331.96485	  0.00000	222	80
1216	3324	 274	102.87018	333.18931	  0.00000	223	80
1216	3329	 274	102.88504	333.79934	  0.00000	224	80
1216	3330	 274	102.93575	333.85569	  0.00000	225	80
1217	3340	 274	103.02833	334.97448	  0.00000	226	80
1218	3368	 274	103.16957	338.01612	  0.00000	227	80
1220	3407	 274	103.36808	342.27977	  0.00000	228	80
1223	3450	 274	103.63412	346.98118	  0.00000	229	80
1226	3490	 274	103.97890	351.35825	  0.00000	230	80
1230	3525	 274	104.41392	355.20669	  0.00000	231	80
1235	3555	 274	104.95037	358.44732	  0.00000	232	80
1241	3578	 274	105.59853	361.01508	  0.00000	233	80
1248	3595	 274	106.36731	362.86161	  0.00000	234	80
1256	3612	 274	107.26379	364.67978	  0.00000	235	80
1265	3626	 274	108.29291	366.28640	  0.00000	236	80
1276	3632	 274	109.45719	366.91774	  0.00000	237	80
1288	3631	 274	110.75524	366.78652	  0.00000	238	80
1300	3660	 274	112.13019	369.93790	  0.00000	239	80
1313	3712	 274	113.52820	375.68056	  0.00000	240	80
1326	3764	 274	114.91183	381.30564	  0.00000	241	80
1338	3800	 274	116.23947	385.20749	  0.00000	242	80
1349	3820	 274	117.46625	387.38712	  0.00000	243	80
1359	3854	 274	118.54513	391.12373	  0.00000	244	80
1367	3879	 274	119.42820	393.83793	  0.00000	245	80
1373	3900	 274	120.06791	396.16600	  0.00000	246	80
1381	3914	 274	120.93344	397.70656	  0.00000	247	80
1394	3923	 274	122.35124	398.64724	  0.00000	248	80
1410	3927	 274	124.05857	399.16465	  0.00000	249	80
1425	3929	 274	125.78543	399.38667	  0.00000	250	80
1440	3930	 274	127.36189	399.39825	  0.00000	251	80
1453	3928	 274	128.77352	399.19423	  0.00000	252	80
1464	3923	 274	130.01530	398.66564	  0.00000	253	80
1474	3913	 274	131.08491	397.62063	  0.00000	254	80
1482	3896	 274	131.98570	395.76291	  0.00000	255	80
1489	3869	 274	132.75890	392.76806	  0.00000	256	80
1495	3835	 274	133.42018	389.05187	  0.00000	257	80
1500	3804	 274	133.97390	385.68711	  0.00000	258	80
1504	3758	 274	134.42350	380.64424	  0.00000	259	80
1508	3685	 274	134.77463	372.71544	  0.00000	260	80
1510	3632	 274	135.03503	366.89230	  0.00000	261	80
1512	3631	 274	135.21432	366.80010	  0.00000	262	80
1513	3613	 274	135.32369	364.86169	  0.00000	263	80
1513	3587	 274	135.37550	361.96016	  0.00000	264	80
1513	3548	 274	135.38462	357.68433	  0.00000	265	80
1513	3487	 274	135.39204	351.02506	  0.00000	266	80
1516	3405	 274	135.73850	342.10141	  0.00000	267	80
1518	3337	 274	135.88879	334.64500	  0.00000	268	80
1519	3327	 274	136.00734	333.57532	  0.00000	269	80
1520	3295	 274	136.08246	330.08289	  0.00000	270	80
1520	3254	 274	136.10667	325.60906	  0.00000	271	80
1520	3189	 274	136.07899	318.45595	  0.00000	272	80
1519	3096	 274	136.00297	308.37663	  0.00000	273	80
1518	3029	 274	135.88579	301.04207	  0.00000	274	80
1516	3010	 274	135.73795	298.94558	  0.00000	275	80
1513	2936	 274	135.39222	290.84337	  0.00000	276	80
1513	2864	 274	135.38462	282.99535	  0.00000	277	80
1513	2767	 274	135.37617	272.33048	  0.00000	278	80
1513	2724	 274	135.32557	267.69238	  0.00000	279	80
1512	2690	 274	135.21678	263.91896	  0.00000	280	80
1510	2579	 274	135.03593	251.87204	  0.00000	281	80
1508	2498	 274	134.76976	242.96704	  0.00000	282	80
1504	2429	 274	134.40605	235.47598	  0.00000	283	80
1500	2412	 274	133.93397	233.61390	  0.00000	284	80
1495	2359	 274	133.34444	227.83457	  0.00000	285	80
1488	2278	 274	132.63008	218.94587	  0.00000	286	80
1480	2166	 274	131.78153	206.75001	  0.00000	287	80
1471	2117	 274	130.76373	201.37598	  0.00000	288	80
1460	2059	 274	129.53131	195.03912	  0.00000	289	80
1446	1952	 274	128.07569	183.27804	  0.00000	290	80
1431	1871	 274	126.39118	174.53444	  0.00000	291	80
1413	1816	 274	124.47543	168.47088	  0.00000	292	80
1395	1795	 274	122.48093	166.16550	  0.00000	293	80
1380	1734	 274	120.81945	159.46313	  0.00000	294	80
1371	1661	 274	119.90250	151.58241	  0.00000	295	80
1363	1563	 274	118.98051	140.81400	  0.00000	296	80
1351	1513	 274	117.68648	135.36898	  0.00000	297	80
1337	1483	 274	116.08457	132.12679	  0.00000	298	80
1320	1405	 274	114.24762	123.56295	  0.00000	299	80
1301	1345	 274	112.25604	116.96336	  0.00000	300	80
1283	1263	 274	110.19822	108.04670	  0.00000	301	80
1265	1214	 274	108.25746	102.67242	  0.00000	302	80
1249	1195	 274	106.53637	100.61366	  0.00000	303	80
1236	1148	 274	105.06891	 95.51480	  0.00000	304	80
1225	1074	 274	103.88775	 87.34584	  0.00000	305	80
1217	1030	 274	103.02383	 82.54936	  0.00000	306	80
1212	 966	 274	102.50580	 75.64051	  0.00000	307	80
1210	 917	 274	102.30843	 70.23385	  0.00000	308	80
1209	 907	 274	102.17179	 69.18729	  0.00000	309	80
1204	 895	 274	101.59367	 67.79031	  0.00000	310	80
1196	 868	 274	100.68231	 64.84234	  0.00000	311	80
1185	 830	 274	 99.56568	 60.74522	  0.00000	312	80
1174	 787	 274	 98.36546	 56.07611	  0.00000	313	80
1164	 747	 274	 97.19521	 51.67237	  0.00000	314	80
1154	 695	 274	 96.15814	 45.97828	  0.00000	315	80
1146	 652	 274	 95.22159	 41.33669	  0.00000	316	80
1135	 625	 274	 94.08276	 38.36005	  0.00000	317	80
1121	 605	 274	 92.52802	 36.15903	  0.00000	318	80
1105	 603	 274	 90.75131	 35.89666	  0.00000	319	80
1087	 594	 274	 88.82118	 34.96528	  0.00000	320	80
1069	 581	 274	 86.88025	 33.57327	  0.00000	321	80
1056	 565	 274	 85.47181	 31.78484	  0.00000	322	80
1051	 539	 274	 84.91909	 28.99071	  0.00000	323	80
1047	 507	 274	 84.48219	 25.45821	  0.00000	324	80
1042	 492	 274	 83.90700	 23.85560	  0.00000	325	80
1036	 479	 274	 83.23786	 22.35216	  0.00000	326	80
1029	 481	 274	 82.51376	 22.59283	  0.00000	327	80
1022	 467	 274	 81.76847	 21.04788	  0.00000	328	80
1016	 454	 274	 81.03082	 19.66940	  0.00000	329	80
1009	 448	 274	 80.32505	 18.97268	  0.00000	330	80
1003	 447	 274	 79.67121	 18.87243	  0.00000	331	80
 998	 446	 274	 79.08567	 18.75830	  0.00000	332	80
 993	 445	 274	 78.58164	 18.65768	  0.00000	333	80
 990	 444	 274	 78.16973	 18.58931	  0.00000	334	80
 987	 444	 274	 77.85841	 18.56383	  0.00000	335	80
 985	 444	 274	 77.65454	 18.58421	  0.00000	336	80
 984	 445	 274	 77.56372	 18.64633	  0.00000	337	80
 984	 446	 274	 77.59052	 18.73954	  0.00000	338	80
 986	 447	 274	 77.73856	 18.84720	  0.00000	339	80
 988	 447	 274	 78.01034	 18.94725	  0.00000	340	80
 992	 449	 274	 78.40676	 19.11887	  0.00000	341	80
 996	 461	 274	 78.92635	 20.40708	  0.00000	342	80
1002	 473	 274	 79.56404	 21.69445	  0.00000	343	80
1009	 486	 274	 80.30943	 23.12056	  0.00000	344	80
1017	 503	 274	 81.14458	 25.00313	  0.00000	345	80
1025	 492	 274	 82.04106	 23.81744	  0.00000	346	80
1033	 503	 274	 82.95634	 25.04787	  0.00000	347	80
1041	 530	 274	 83.82930	 28.01595	  0.00000	348	80
1048	 554	 274	 84.57489	 30.58494	  0.00000	349	80
1053	 571	 274	 85.10921	 32.46174	  0.00000	350	80
1068	 583	 274	 86.73117	 33.76776	  0.00000	351	80
1093	 593	 274	 89.49289	 34.85304	  0.00000	352	80
1118	 600	 274	 92.20937	 35.66028	  0.00000	353	80
1139	 604	 274	 94.50656	 36.10101	  0.00000	354	80
1153	 610	 274	 96.07545	 36.71146	  0.00000	355	80
1169	 623	 274	 97.82710	 38.17577	  0.00000	356	80
1188	 641	 274	 99.85769	 40.12929	  0.00000	357	80
1204	 666	 274	101.61157	 42.78256	  0.00000	358	80
1210	 698	 274	102.30781	 46.33325	  0.00000	359	80
