1706	1325	 274
1693	1305	 274
1682	1284	 274
1668	1265	 274
1650	1248	 274
1631	1234	 274
1611	1223	 274
1591	1215	 274
1572	1210	 274
1556	1210	 274
1541	1206	 274
1529	1197	 274
1520	1184	 274
1513	1169	 274
1512	1155	 274
1508	1142	 274
1501	1121	 274
1492	1091	 274
1479	1059	 274
1463	1047	 274
1442	1031	 274
1416	1007	 274
1388	 977	 274
1371	 946	 274
1356	 922	 274
1333	 909	 274
1303	 907	 274
1271	 902	 274
1243	 889	 274
1222	 868	 274
1212	 840	 274
1208	 801	 274
1191	 769	 274
1166	 720	 274
1143	 667	 274
1105	 630	 274
1056	 605	 274
1038	 598	 274
1005	 576	 274
 962	 529	 274
 927	 488	 274
 909	 448	 274
 907	 435	 274
 898	 402	 274
 880	 354	 274
 855	 315	 274
 822	 302	 274
 787	 294	 274
 753	3852	 274
 706	3682	 274
 661	3627	 274
 630	3582	 274
 609	3510	 274
 603	3410	 274
 591	3335	 274
 572	3327	 274
 536	3300	 274
 492	3269	 274
 482	3236	 274
 448	3194	 274
 441	3148	 274
 426	3103	 274
 403	3067	 274
 374	3042	 274
 345	3029	 274
 322	3027	 274
 307	3026	 274
 302	3023	 274
 300	3019	 274
 294	3016	 274
 286	3014	 274
 275	3013	 274
3935	3013	 274
3899	3014	 274
3820	3016	 274
3757	3019	 274
3663	3022	 274
3632	3025	 274
3628	3027	 274
3609	3027	 274
3591	3029	 274
3570	3038	 274
3543	3051	 274
3513	3071	 274
3481	3094	 274
3447	3121	 274
3413	3150	 274
3383	3178	 274
3359	3204	 274
3342	3227	 274
3333	3247	 274
3330	3264	 274
3330	3276	 274
3329	3293	 274
3328	3309	 274
3326	3322	 274
3324	3329	 274
3322	3330	 274
3319	3338	 274
3317	3367	 274
3315	3408	 274
3314	3454	 274
3312	3497	 274
3312	3536	 274
3311	3568	 274
3311	3592	 274
3311	3613	 274
3311	3630	 274
3312	3631	 274
3313	3695	 274
3314	3789	 274
3315	3856	 274
3316	3923	 274
3317	3935	 274
3319	 284	 274
3320	 293	 274
3321	 299	 274
3322	 302	 274
3323	 305	 274
3323	 316	 274
3324	 337	 274
3325	 363	 274
3325	 392	 274
3326	 417	 274
3326	 435	 274
3326	 445	 274
3327	 461	 274
3327	 478	 274
3327	 497	 274
3328	 544	 274
3328	 574	 274
3329	 591	 274
3329	 601	 274
3330	 605	 274
3330	 620	 274
3330	 641	 274
3330	 669	 274
3330	 706	 274
3334	 744	 274
3340	 775	 274
3351	 795	 274
3367	 824	 274
3387	 848	 274
3412	 867	 274
3441	 882	 274
3472	 893	 274
3502	 901	 274
3532	 906	 274
3559	 908	 274
3583	 908	 274
3600	 912	 274
3623	 920	 274
3632	 929	 274
3649	 939	 274
3746	 949	 274
3818	 960	 274
3901	 969	 274
3935	 978	 274
 280	 986	 274
 290	 993	 274
 298	 999	 274
 302	1004	 274
 303	1009	 274
 311	1013	 274
 326	1017	 274
 347	1021	 274
 371	1025	 274
 395	1029	 274
 415	1033	 274
 430	1037	 274
 440	1041	 274
 446	1045	 274
 454	1049	 274
 476	1052	 274
 478	1059	 274
 492	1073	 274
 505	1094	 274
 530	1114	 274
 549	1133	 274
 563	1148	 274
 572	1161	 274
 578	1178	 274
 583	1196	 274
 586	1208	 274
 589	1211	 274
 591	1222	 274
 592	1245	 274
 593	1279	 274
 594	1321	 274
 594	1356	 274
 594	1378	 274
 593	1423	 274
 593	1465	 274
 592	1493	 274
 591	1509	 274
 589	1516	 274
 588	1540	 274
 586	1579	 274
 584	1629	 274
 582	1672	 274
 580	1697	 274
 578	1734	 274
 577	1764	 274
 575	1787	 274
 574	1803	 274
 572	1813	 274
 572	1816	 274
 571	1818	 274
 571	1828	 274
 572	1844	 274
 574	1859	 274
 575	1872	 274
 578	1881	 274
 581	1888	 274
 584	1892	 274
 587	1893	 274
 591	1893	 274
 594	1890	 274
 598	1885	 274
 601	1878	 274
 603	1870	 274
 604	1859	 274
 605	1847	 274
 609	1836	 274
 616	1825	 274
 623	1818	 274
 632	1816	 274
 642	1815	 274
 654	1813	 274
 669	1807	 274
 686	1800	 274
 705	1790	 274
 724	1779	 274
 743	1765	 274
 761	1751	 274
 776	1736	 274
 787	1720	 274
 797	1702	 274
 813	1693	 274
 829	1684	 274
 842	1673	 274
 853	1662	 274
 863	1651	 274
 872	1641	 274
 881	1633	 274
 888	1626	 274
 894	1620	 274
 899	1616	 274
 903	1613	 274
 906	1612	 274
 907	1612	 274
 908	1614	 274
 908	1617	 274
 910	1621	 274
 916	1627	 274
 924	1634	 274
 934	1641	 274
 947	1649	 274
 962	1658	 274
 979	1667	 274
 996	1676	 274
1012	1685	 274
1026	1692	 274
1038	1698	 274
1048	1711	 274
1054	1724	 274
1072	1737	 274
1098	1749	 274
1122	1760	 274
1140	1772	 274
1153	1782	 274
1166	1792	 274
1181	1800	 274
1196	1807	 274
1207	1812	 274
1210	1815	 274
1213	1816	 274
1223	1817	 274
1238	1822	 274
1260	1834	 274
1287	1848	 274
1315	1864	 274
1342	1880	 274
1363	1895	 274
1376	1909	 274
1402	1923	 274
1435	1938	 274
1462	1954	 274
1482	1979	 274
1498	1992	 274
1508	2009	 274
1513	2024	 274
1520	2038	 274
1536	2050	 274
1560	2061	 274
1589	2070	 274
1622	2078	 274
1653	2084	 274
1679	2088	 274
1696	2092	 274
1719	2095	 274
1742	2096	 274
1762	2097	 274
1779	2096	 274
1793	2095	 274
1804	2093	 274
1811	2090	 274
1815	2086	 274
1816	2081	 274
1819	2074	 274
1829	2066	 274
1844	2057	 274
1861	2046	 274
1878	2034	 274
1892	2019	 274
1906	2004	 274
1919	1985	 274
1932	1965	 274
1944	1948	 274
1957	1933	 274
1976	1918	 274
1982	1903	 274
1997	1888	 274
2006	1872	 274
2014	1855	 274
2020	1838	 274
2025	1824	 274
2028	1817	 274
2029	1816	 274
2029	1814	 274
2027	1810	 274
2023	1802	 274
2018	1792	 274
2011	1780	 274
2002	1765	 274
1992	1748	 274
1976	1729	 274
1963	1707	 274
1951	1691	 274
1938	1675	 274
1925	1653	 274
1913	1627	 274
1900	1599	 274
1887	1573	 274
1873	1551	 274
1857	1533	 274
1842	1520	 274
1829	1513	 274
1819	1511	 274
1816	1505	 274
1816	1496	 274
1813	1484	 274
1809	1469	 274
1801	1450	 274
1792	1428	 274
1782	1403	 274
1769	1382	 274
1755	1371	 274
1740	1359	 274
1724	1343	 274
1614	 908	 274
1576	 908	 274
1546	 907	 274
1525	 905	 274
1513	 902	 274
1510	 898	 274
1501	 894	 274
1487	 888	 274
1469	 883	 274
1445	 876	 274
1416	 869	 274
1387	 861	 274
1371	 854	 274
1356	 845	 274
1335	 836	 274
1311	 826	 274
1285	 815	 274
1260	 803	 274
1240	 793	 274
1225	 787	 274
1215	 779	 274
1210	 769	 274
1209	 757	 274
1201	 744	 274
1187	 729	 274
1172	 714	 274
1157	 698	 274
1143	 683	 274
1124	 668	 274
1096	 655	 274
1065	 644	 274
1050	 633	 274
1039	 624	 274
1021	 616	 274
 999	 605	 274
 974	 605	 274
 949	 603	 274
 929	 600	 274
 915	 595	 274
 908	 589	 274
 908	 581	 274
 905	 571	 274
 899	 558	 274
 890	 540	 274
 877	 516	 274
 862	 494	 274
 844	 501	 274
 821	 484	 274
 796	 476	 274
 779	 460	 274
 754	 448	 274
 723	 446	 274
 690	 442	 274
 661	 437	 274
 638	 430	 274
 621	 422	 274
 605	 414	 274
 603	 404	 274
 597	 394	 274
 585	 383	 274
 568	 372	 274
 537	 363	 274
 495	 354	 274
 477	 346	 274
 464	 340	 274
 446	 334	 274
 438	 329	 274
 423	 325	 274
 401	 322	 274
 373	 320	 274
 345	 318	 274
 322	 317	 274
 307	 316	 274
 302	 316	 274
 301	 317	 274
 295	 318	 274
 287	 320	 274
 276	 323	 274
3933	 327	 274
3886	 332	 274
3816	 338	 274
3759	 345	 274
3678	 354	 274
3632	 364	 274
3632	 376	 274
3628	 389	 274
3619	 402	 274
3609	 415	 274
3601	 426	 274
3598	 435	 274
3596	 443	 274
3597	 447	 274
3599	 461	 274
3604	 485	 274
3614	 498	 274
3624	 507	 274
3631	 545	 274
3632	 571	 274
3639	 586	 274
3693	 597	 274
3767	 604	 274
3817	 605	 274
3879	 623	 274
3928	 643	 274
3935	 669	 274
 281	 704	 274
 289	 740	 274
 295	 771	 274
 300	 791	 274
 302	 819	 274
 303	 844	 274
 308	 864	 274
 318	 880	 274
 331	 893	 274
 346	 901	 274
 362	 906	 274
 378	 908	 274
 393	 909	 274
 405	 917	 274
 415	 929	 274
 423	 944	 274
 429	 960	 274
 433	 977	 274
 436	 992	 274
 439	1004	 274
 440	1015	 274
 441	1023	 274
 442	1029	 274
 442	1034	 274
 443	1038	 274
 442	1041	 274
 442	1043	 274
 441	1044	 274
 440	1044	 274
 439	1045	 274
 438	1044	 274
 436	1044	 274
 434	1043	 274
 432	1041	 274
 429	1039	 274
 426	1037	 274
 423	1034	 274
 420	1031	 274
 416	1027	 274
 412	1023	 274
 409	1019	 274
 405	1014	 274
 402	1009	 274
 399	1005	 274
 397	1000	 274
 394	 995	 274
 393	 990	 274
 392	 986	 274
 392	 982	 274
 392	 978	 274
 393	 975	 274
 394	 972	 274
 396	 969	 274
 399	 967	 274
 402	 966	 274
 405	 965	 274
 408	 964	 274
 412	 964	 274
 416	 964	 274
 420	 965	 274
 424	 967	 274
 428	 969	 274
 432	 972	 274
 436	 975	 274
 439	 979	 274
 442	 984	 274
 444	 990	 274
 446	 996	 274
 448	1002	 274
 453	1009	 274
 464	1017	 274
 475	1024	 274
 487	1032	 274
 484	1039	 274
 498	1045	 274
 492	1050	 274
 506	1055	 274
 525	1069	 274
 542	1090	 274
 556	1111	 274
 568	1129	 274
 576	1143	 274
 583	1154	 274
 590	1167	 274
 595	1181	 274
 599	1194	 274
 602	1205	 274
 604	1210	 274
 605	1212	 274
 611	1220	 274
 618	1235	 274
 626	1257	 274
 636	1284	 274
 647	1315	 274
 659	1344	 274
 674	1366	 274
 691	1383	 274
 709	1418	 274
 727	1453	 274
 744	1480	 274
 760	1499	 274
 774	1510	 274
 785	1515	 274
 794	1534	 274
 807	1567	 274
 822	1610	 274
 835	1656	 274
 847	1689	 274
 857	1721	 274
 867	1756	 274
 875	1784	 274
 883	1805	 274
 890	1815	 274
 895	1818	 274
 900	1843	 274
 904	1881	 274
 906	1916	 274
 907	1956	 274
 908	2009	 274
 908	2054	 274
 911	2090	 274
 917	2113	 274
 926	2119	 274
 936	2140	 274
 949	2173	 274
 963	2215	 274
 979	2261	 274
 995	2298	 274
1009	2322	 274
1023	2350	 274
1034	2373	 274
1044	2391	 274
1050	2404	 274
1056	2413	 274
1074	2418	 274
1095	2421	 274
1115	2421	 274
1132	2422	 274
1144	2425	 274
1154	2429	 274
1164	2432	 274
1175	2435	 274
1186	2437	 274
1197	2437	 274
1205	2436	 274
1210	2434	 274
1210	2431	 274
1214	2427	 274
1220	2424	 274
1230	2422	 274
1243	2421	 274
1260	2421	 274
1279	2419	 274
1301	2415	 274
1323	2410	 274
1343	2401	 274
1359	2391	 274
1371	2378	 274
1384	2362	 274
1409	2342	 274
1435	2321	 274
1458	2304	 274
1477	2278	 274
1491	2246	 274
1503	2212	 274
1510	2181	 274
1513	2154	 274
1522	2133	 274
1539	2119	 274
1562	2116	 274
1592	2106	 274
1626	2088	 274
1657	2063	 274
1683	2033	 274
1699	2000	 274
1729	1963	 274
1753	1934	 274
1774	1909	 274
1792	1886	 274
1805	1861	 274
1813	1837	 274
1816	1821	 274
1820	1816	 274
1838	1814	 274
1863	1808	 274
1889	1798	 274
1913	1785	 274
1938	1769	 274
1971	1750	 274
2007	1730	 274
2039	1707	 274
2067	1691	 274
2090	1675	 274
2107	1655	 274
2116	1631	 274
2119	1607	 274
2131	1584	 274
2148	1564	 274
2170	1548	 274
2196	1534	 274
2223	1524	 274
2251	1517	 274
2277	1513	 274
2298	1512	 274
2313	1509	 274
2323	1505	 274
2340	1499	 274
2354	1492	 274
2365	1485	 274
2374	1476	 274
2382	1466	 274
2388	1455	 274
2393	1442	 274
2397	1428	 274
2399	1413	 274
2401	1397	 274
2402	1384	 274
2402	1374	 274
2401	1369	 274
2400	1361	 274
2397	1351	 274
2393	1339	 274
2388	1324	 274
2381	1309	 274
2372	1292	 274
2360	1275	 274
2345	1259	 274
2325	1245	 274
2313	1232	 274
2292	1222	 274
2264	1215	 274
2230	1210	 274
2196	1210	 274
2164	1206	 274
2139	1198	 274
2120	1186	 274
2116	1173	 274
2103	1160	 274
2079	1149	 274
2046	1136	 274
2006	1117	 274
1960	1093	 274
1924	1067	 274
1894	1052	 274
1862	1045	 274
1832	1034	 274
1816	1020	 274
1814	1003	 274
1805	 985	 274
1788	 966	 274
1766	 949	 274
1738	 934	 274
1706	 923	 274
1683	 914	 274
1652	 909	 274
1958	1072	 274
2033	1082	 274
2086	1093	 274
2114	1104	 274
2122	1114	 274
2146	1123	 274
2177	1132	 274
2209	1140	 274
2239	1146	 274
2262	1151	 274
2279	1156	 274
2289	1162	 274
2295	1168	 274
2296	1175	 274
2294	1182	 274
2289	1188	 274
2279	1194	 274
2266	1199	 274
2248	1204	 274
2227	1207	 274
2203	1209	 274
2180	1210	 274
2158	1210	 274
2139	1210	 274
2124	1212	 274
2118	1214	 274
2112	1216	 274
2099	1219	 274
2079	1222	 274
2054	1225	 274
2026	1229	 274
1995	1232	 274
1961	1235	 274
1935	1238	 274
1913	1241	 274
1893	1244	 274
1873	1247	 274
1852	1250	 274
1833	1252	 274
1820	1255	 274
1816	1257	 274
1815	1260	 274
1812	1262	 274
1806	1265	 274
1797	1268	 274
1786	1270	 274
1773	1274	 274
1759	1277	 274
1743	1280	 274
1726	1284	 274
1707	1289	 274
1693	1293	 274
1681	1299	 274
1664	1304	 274
1644	1310	 274
1623	1317	 274
1600	1324	 274
1579	1331	 274
1561	1339	 274
1545	1347	 274
1532	1355	 274
1521	1362	 274
1513	1368	 274
1513	1373	 274
1510	1381	 274
1505	1393	 274
1498	1409	 274
1490	1425	 274
1480	1441	 274
1469	1455	 274
1455	1468	 274
1439	1479	 274
1422	1489	 274
1404	1497	 274
1388	1503	 274
1376	1508	 274
1370	1512	 274
1362	1513	 274
1353	1516	 274
1342	1522	 274
1330	1530	 274
1317	1540	 274
1305	1552	 274
1292	1564	 274
1280	1577	 274
1269	1590	 274
1259	1603	 274
1251	1616	 274
1243	1627	 274
1237	1637	 274
1231	1646	 274
1227	1653	 274
1223	1659	 274
1220	1664	 274
1217	1667	 274
1215	1670	 274
1214	1671	 274
1213	1672	 274
1212	1672	 274
1210	1671	 274
1210	1669	 274
1210	1667	 274
1210	1663	 274
1210	1659	 274
1210	1654	 274
1210	1648	 274
1210	1641	 274
1209	1632	 274
1209	1623	 274
1208	1613	 274
1207	1602	 274
1206	1591	 274
1205	1579	 274
1204	1568	 274
1203	1557	 274
1201	1547	 274
1200	1537	 274
1198	1529	 274
1196	1522	 274
1193	1516	 274
1191	1513	 274
1188	1512	 274
1185	1509	 274
1181	1505	 274
1178	1499	 274
1174	1492	 274
1170	1483	 274
1166	1473	 274
1162	1461	 274
1158	1447	 274
1155	1432	 274
1151	1415	 274
1148	1397	 274
1144	1383	 274
1140	1374	 274
1135	1368	 274
1130	1360	 274
1123	1351	 274
1117	1340	 274
1110	1329	 274
1104	1317	 274
1097	1306	 274
1090	1295	 274
1083	1285	 274
1077	1277	 274
1071	1269	 274
1066	1262	 274
1062	1257	 274
1059	1253	 274
1056	1249	 274
1054	1247	 274
1053	1245	 274
1053	1245	 274
1052	1245	 274
1052	1246	 274
1052	1247	 274
1052	1250	 274
1052	1253	 274
1052	1256	 274
1052	1260	 274
1052	1265	 274
1052	1271	 274
1053	1277	 274
1054	1283	 274
1054	1290	 274
1056	1298	 274
1057	1305	 274
1059	1312	 274
1061	1319	 274
1064	1326	 274
1066	1332	 274
1069	1338	 274
1073	1343	 274
1076	1348	 274
1080	1352	 274
1083	1356	 274
1087	1359	 274
1090	1361	 274
1093	1363	 274
1096	1364	 274
1099	1365	 274
1102	1365	 274
1104	1365	 274
1106	1364	 274
1108	1363	 274
1110	1361	 274
1112	1358	 274
1113	1355	 274
1114	1352	 274
1115	1347	 274
1116	1342	 274
1117	1336	 274
1117	1330	 274
1117	1322	 274
1117	1314	 274
1117	1306	 274
1116	1297	 274
1116	1288	 274
1115	1279	 274
1113	1270	 274
1112	1261	 274
1110	1253	 274
1108	1245	 274
1105	1239	 274
1102	1232	 274
1099	1227	 274
1095	1222	 274
1091	1219	 274
1086	1215	 274
1081	1213	 274
1076	1212	 274
1070	1210	 274
1065	1210	 274
1060	1210	 274
1056	1210	 274
1053	1208	 274
1052	1206	 274
1050	1202	 274
1048	1198	 274
1046	1193	 274
1043	1187	 274
1040	1180	 274
1037	1172	 274
1033	1163	 274
1029	1154	 274
1026	1146	 274
1022	1134	 274
1018	1115	 274
1014	1090	 274
1011	1061	 274
1007	1049	 274
1004	1036	 274
1001	1015	 274
 998	 986	 274
 996	 953	 274
 994	 926	 274
 993	 910	 274
 992	 907	 274
 992	 900	 274
 992	 884	 274
 993	 857	 274
 994	 819	 274
 996	 779	 274
 999	 725	 274
1002	 664	 274
1005	 623	 274
1009	 604	 274
1013	 587	 274
1018	 544	 274
1022	 512	 274
1027	 447	 274
1031	 428	 274
1035	 381	 274
1039	 327	 274
1043	 302	 274
1046	 294	 274
1049	3935	 274
1051	3813	 274
1053	3632	 274
1058	3595	 274
1065	3515	 274
1073	3394	 274
1083	3330	 274
1092	3314	 274
1100	3274	 274
1108	3238	 274
1115	3190	 274
1121	3139	 274
1127	3095	 274
1132	3065	 274
1136	3048	 274
1139	3041	 274
1142	3040	 274
1144	3044	 274
1145	3056	 274
1146	3077	 274
1147	3111	 274
1147	3154	 274
1147	3200	 274
1146	3243	 274
1144	3275	 274
1142	3311	 274
1139	3330	 274
1134	3365	 274
1127	3472	 274
1117	3563	 274
1106	3618	 274
1091	3653	 274
1073	3833	 274
1057	3935	 274
1050	 292	 274
1043	 302	 274
1030	 310	 274
1013	 344	 274
 990	 391	 274
 964	 427	 274
 940	 445	 274
 920	 474	 274
 909	 492	 274
 908	 546	 274
 903	 579	 274
 892	 596	 274
 873	 604	 274
 848	 615	 274
 814	 634	 274
 783	 660	 274
 745	 693	 274
 696	 729	 274
 654	 760	 274
 625	 783	 274
 605	 799	 274
 600	 823	 274
 587	 842	 274
 565	 857	 274
 525	 870	 274
 494	 881	 274
 481	 889	 274
 449	 895	 274
 444	 900	 274
 436	 904	 274
 426	 906	 274
 414	 907	 274
 403	 908	 274
 394	 908	 274
 389	 909	 274
 388	 911	 274
 391	 914	 274
 398	 919	 274
 409	 923	 274
 423	 928	 274
 436	 933	 274
 446	 939	 274
 466	 945	 274
 500	 951	 274
 537	 957	 274
 581	 963	 274
 602	 969	 274
 617	 975	 274
 662	 981	 274
 740	 986	 274
 800	 991	 274
 862	 997	 274
 900	1001	 274
 909	1006	 274
 967	1011	 274
1044	1015	 274
1128	1019	 274
1190	1023	 274
1217	1027	 274
1290	1031	 274
1371	1035	 274
1462	1038	 274
1510	1041	 274
1549	1044	 274
1649	1047	 274
1722	1049	 274
1786	1051	 274
1815	1053	 274
1836	1057	 274
1898	1063	 274
1229	2396	 274
1238	2401	 274
1247	2405	 274
1257	2408	 274
1267	2411	 274
1277	2413	 274
1288	2414	 274
1298	2415	 274
1307	2416	 274
1316	2417	 274
1324	2417	 274
1331	2417	 274
1338	2417	 274
1344	2417	 274
1349	2417	 274
1354	2416	 274
1359	2416	 274
1363	2415	 274
1366	2414	 274
1369	2412	 274
1372	2411	 274
1374	2409	 274
1378	2407	 274
1383	2405	 274
1388	2403	 274
1395	2400	 274
1403	2398	 274
1412	2395	 274
1420	2392	 274
1429	2389	 274
1438	2385	 274
1447	2382	 274
1455	2378	 274
1464	2375	 274
1471	2371	 274
1478	2367	 274
1485	2363	 274
1491	2360	 274
1496	2355	 274
1501	2350	 274
1505	2345	 274
1509	2340	 274
1511	2335	 274
1513	2329	 274
1513	2323	 274
1516	2320	 274
1520	2316	 274
1525	2311	 274
1532	2306	 274
1539	2299	 274
1547	2292	 274
1556	2283	 274
1565	2274	 274
1574	2263	 274
1583	2252	 274
1592	2240	 274
1601	2227	 274
1610	2213	 274
1618	2200	 274
1625	2186	 274
1631	2174	 274
1636	2161	 274
1641	2150	 274
1644	2140	 274
1647	2131	 274
1650	2124	 274
1651	2119	 274
1652	2119	 274
1653	2117	 274
1654	2115	 274
1654	2112	 274
1654	2109	 274
1653	2106	 274
1652	2104	 274
1652	2102	 274
1651	2102	 274
1650	2103	 274
1649	2105	 274
1648	2109	 274
1647	2113	 274
1646	2116	 274
1645	2119	 274
1645	2122	 274
1645	2135	 274
1645	2155	 274
1645	2186	 274
1646	2230	 274
1648	2279	 274
1649	2319	 274
1652	2361	 274
1655	2397	 274
1658	2419	 274
1662	2429	 274
1666	2481	 274
1671	2542	 274
1675	2647	 274
1680	2714	 274
1684	2738	 274
1689	2819	 274
1692	2912	 274
1696	3008	 274
1699	3040	 274
1707	3163	 274
1714	3266	 274
1720	3327	 274
1727	3404	 274
1733	3563	 274
1739	3632	 274
1744	3821	 274
1750	3821	 274
1754	 300	 274
1759	 309	 274
1763	 353	 274
1767	 408	 274
1770	 440	 274
1773	 464	 274
1776	 492	 274
1778	 550	 274
1780	 583	 274
1781	 600	 274
1782	 605	 274
1782	 620	 274
1782	 640	 274
1782	 664	 274
1781	 690	 274
1780	 715	 274
1779	 737	 274
1777	 753	 274
1775	 765	 274
1774	 772	 274
1772	 777	 274
1770	 779	 274
1768	 779	 274
1765	 778	 274
1764	 774	 274
1762	 768	 274
1760	 759	 274
1759	 748	 274
1758	 733	 274
1757	 716	 274
1757	 697	 274
1757	 676	 274
1758	 658	 274
1760	 642	 274
1762	 628	 274
1765	 616	 274
1768	 605	 274
1772	 603	 274
1777	 598	 274
1782	 589	 274
1787	 577	 274
1793	 560	 274
1799	 531	 274
1804	 495	 274
1809	 502	 274
1813	 474	 274
1815	 448	 274
1816	 444	 274
1817	 435	 274
1822	 421	 274
1833	 402	 274
1848	 378	 274
1865	 353	 274
1881	 331	 274
1896	 314	 274
1911	 304	 274
1927	 302	 274
1943	 299	 274
1961	 299	 274
1969	 299	 274
2002	3935	 274
2019	3919	 274
2035	3841	 274
2048	3767	 274
2059	3659	 274
2068	3632	 274
2075	3620	 274
2081	3594	 274
2085	3565	 274
2087	3525	 274
2087	3476	 274
2086	3420	 274
2084	3368	 274
2079	3335	 274
2073	3330	 274
2065	3326	 274
2055	3313	 274
2044	3293	 274
2030	3275	 274
2015	3260	 274
1997	3240	 274
1985	3216	 274
1957	3189	 274
1940	3160	 274
1925	3130	 274
1911	3100	 274
1897	3074	 274
1882	3052	 274
1868	3036	 274
1853	3027	 274
1839	3027	 274
1828	3024	 274
1820	3019	 274
1817	3010	 274
1816	2999	 274
1816	2986	 274
1815	2971	 274
1814	2955	 274
1812	2939	 274
1810	2923	 274
1809	2911	 274
1808	2902	 274
1808	2895	 274
1808	2885	 274
1809	2875	 274
1810	2864	 274
1811	2853	 274
1812	2844	 274
1814	2835	 274
1815	2827	 274
1816	2822	 274
1816	2818	 274
1817	2816	 274
1820	2816	 274
1827	2817	 274
1838	2822	 274
1851	2828	 274
1865	2837	 274
1880	2848	 274
1895	2861	 274
1910	2876	 274
1925	2890	 274
1943	2901	 274
1963	2917	 274
1989	2942	 274
2012	2970	 274
2034	2996	 274
2054	3016	 274
2072	3026	 274
2088	3031	 274
2101	3062	 274
2110	3116	 274
2116	3178	 274
2119	3233	 274
2121	3271	 274
2130	3309	 274
2141	3330	 274
2154	3360	 274
2170	3464	 274
2187	3555	 274
2205	3609	 274
2226	3632	 274
2246	3801	 274
2266	3931	 274
2284	3931	 274
2300	 299	 274
2313	 303	 274
2322	 325	 274
2338	 366	 274
2353	 410	 274
2366	 437	 274
2378	 448	 274
2388	 482	 274
2398	 522	 274
2406	 572	 274
2413	 595	 274
2418	 605	 274
2421	 621	 274
2421	 652	 274
2423	 698	 274
2430	 750	 274
2443	 787	 274
2459	 822	 274
2476	 855	 274
2492	 880	 274
2508	 896	 274
2523	 906	 274
2540	 908	 274
2558	 915	 274
2578	 934	 274
2625	 961	 274
2632	 990	 274
2648	1015	 274
2662	1033	 274
2674	1045	 274
2682	1052	 274
2687	1059	 274
2691	1072	 274
2693	1082	 274
2693	1087	 274
2690	1086	 274
2685	1081	 274
2678	1070	 274
2666	1057	 274
2649	1050	 274
2626	1040	 274
2584	1022	 274
2553	 994	 274
2525	 958	 274
2498	 926	 274
2466	 908	 274
2433	 906	 274
2421	 891	 274
2412	 862	 274
2386	 815	 274
2341	 766	 274
2291	 693	 274
2214	 632	 274
2147	 604	 274
2118	 583	 274
2086	 512	 274
2019	 464	 274
1938	 431	 274
1879	 371	 274
1824	 310	 274
1813	 310	 274
1787	3935	 274
1740	3681	 274
1687	3590	 274
1623	3433	 274
1553	3328	 274
1515	3261	 274
1503	3143	 274
1472	3029	 274
1419	2989	 274
1372	2895	 274
1338	2787	 274
1291	2729	 274
1249	2705	 274
1223	2634	 274
1212	2541	 274
1209	2490	 274
1199	2444	 274
1184	2422	 274
1170	2417	 274
1159	2404	 274
1151	2385	 274
1145	2364	 274
1140	2342	 274
1135	2322	 274
1132	2312	 274
1131	2300	 274
1132	2290	 274
1134	2283	 274
1138	2279	 274
1143	2278	 274
1147	2279	 274
1152	2283	 274
1158	2290	 274
1166	2297	 274
1174	2305	 274
1183	2313	 274
1192	2320	 274
1200	2330	 274
1206	2342	 274
1210	2354	 274
1210	2364	 274
1212	2374	 274
1216	2383	 274
1222	2390	 274
1577	3326	 274
1561	3330	 274
1549	3351	 274
1539	3395	 274
1531	3440	 274
1525	3477	 274
1521	3504	 274
1518	3523	 274
1516	3536	 274
1513	3545	 274
1513	3548	 274
1513	3549	 274
1513	3546	 274
1513	3539	 274
1513	3529	 274
1513	3515	 274
1513	3497	 274
1513	3475	 274
1513	3449	 274
1513	3419	 274
1513	3387	 274
1513	3358	 274
1516	3337	 274
1517	3330	 274
1519	3329	 274
1521	3325	 274
1523	3315	 274
1525	3300	 274
1528	3282	 274
1530	3272	 274
1533	3260	 274
1536	3245	 274
1539	3228	 274
1542	3210	 274
1545	3192	 274
1549	3174	 274
1552	3156	 274
1556	3139	 274
1561	3124	 274
1566	3110	 274
1571	3099	 274
1577	3091	 274
1584	3085	 274
1592	3081	 274
1601	3079	 274
1611	3080	 274
1622	3083	 274
1634	3089	 274
1646	3097	 274
1659	3109	 274
1671	3124	 274
1683	3142	 274
1692	3163	 274
1702	3186	 274
1720	3210	 274
1737	3233	 274
1753	3255	 274
1769	3273	 274
1784	3295	 274
1798	3318	 274
1808	3329	 274
1815	3336	 274
1816	3391	 274
1825	3472	 274
1851	3543	 274
1881	3591	 274
1911	3628	 274
1944	3653	 274
1990	3803	 274
2035	3917	 274
2074	3917	 274
2103	 286	 274
2117	 298	 274
2127	 302	 274
2155	 311	 274
2196	 336	 274
2245	 370	 274
2290	 405	 274
2320	 430	 274
2353	 444	 274
2379	 456	 274
2399	 486	 274
2412	 493	 274
2420	 536	 274
2421	 567	 274
2427	 583	 274
2440	 594	 274
2456	 601	 274
2472	 605	 274
2485	 605	 274
2494	 615	 274
2502	 622	 274
2506	 629	 274
2509	 634	 274
2509	 639	 274
2508	 642	 274
2505	 643	 274
2500	 643	 274
2494	 642	 274
2486	 639	 274
2476	 636	 274
2465	 632	 274
2454	 628	 274
2442	 623	 274
2432	 618	 274
2424	 613	 274
2422	 605	 274
2421	 605	 274
2419	 605	 274
2415	 603	 274
2409	 602	 274
2402	 599	 274
2394	 596	 274
2385	 593	 274
2375	 589	 274
2366	 586	 274
2357	 583	 274
2348	 580	 274
2340	 577	 274
2333	 576	 274
2329	 575	 274
2326	 576	 274
2325	 577	 274
2328	 580	 274
2333	 583	 274
2339	 586	 274
2346	 590	 274
2356	 595	 274
2365	 599	 274
2375	 602	 274
2385	 604	 274
2396	 605	 274
2405	 613	 274
2413	 623	 274
2419	 636	 274
2421	 652	 274
2423	 674	 274
2435	 703	 274
2455	 734	 274
2480	 763	 274
2504	 785	 274
2530	 807	 274
2563	 836	 274
2612	 859	 274
2661	 878	 274
2695	 894	 274
2717	 904	 274
2724	 908	 274
2737	 912	 274
2763	 933	 274
2808	 969	 274
2862	1010	 274
2901	1041	 274
2943	1062	 274
2990	1116	 274
3019	1150	 274
3027	1177	 274
3046	1202	 274
3093	1210	 274
3148	1220	 274
3198	1244	 274
3237	1279	 274
3264	1317	 274
3281	1348	 274
3306	1369	 274
3321	1385	 274
3329	1413	 274
3330	1438	 274
3331	1456	 274
3338	1468	 274
3345	1476	 274
3349	1480	 274
3347	1481	 274
3340	1479	 274
3332	1474	 274
3330	1463	 274
3328	1446	 274
3317	1419	 274
3293	1384	 274
3265	1363	 274
3224	1328	 274
3156	1275	 274
3071	1229	 274
3027	1210	 274
2999	1185	 274
2916	1141	 274
2838	1059	 274
2748	1013	 274
2720	 937	 274
2656	 908	 274
2536	 891	 274
2460	 844	 274
2421	 778	 274
2385	 689	 274
2311	 621	 274
2202	 598	 274
2123	 553	 274
2089	 487	 274
2001	 439	 274
1909	 385	 274
1839	 317	 274
1815	 300	 274
1790	 274	 274
1742	3782	 274
1688	3623	 274
1630	3528	 274
1566	3367	 274
1526	3323	 274
1513	3269	 274
1504	3200	 274
1489	3107	 274
1473	3038	 274
1459	3025	 274
1448	3002	 274
1442	2965	 274
1441	2925	 274
1446	2901	 274
1455	2884	 274
1468	2865	 274
1481	2850	 274
1494	2840	 274
1505	2835	 274
1512	2835	 274
1518	2839	 274
1539	2848	 274
1574	2860	 274
1622	2873	 274
1668	2887	 274
1698	2899	 274
1740	2911	 274
1775	2930	 274
1801	2953	 274
1814	2975	 274
1818	2993	 274
1849	3008	 274
1890	3018	 274
1928	3024	 274
1990	3027	 274
2028	3027	 274
2069	3031	 274
2099	3037	 274
2115	3043	 274
2119	3048	 274
2135	3052	 274
2155	3053	 274
2180	3052	 274
2205	3050	 274
2231	3046	 274
2254	3042	 274
2273	3037	 274
2289	3033	 274
2300	3029	 274
2309	3027	 274
2315	3027	 274
2319	3027	 274
2322	3025	 274
2324	3023	 274
2328	3019	 274
2330	3015	 274
2332	3011	 274
2332	3007	 274
2331	3003	 274
2330	2999	 274
2329	2997	 274
2326	2996	 274
2324	2996	 274
2323	2998	 274
2322	3001	 274
2322	3006	 274
2321	3012	 274
2321	3019	 274
2320	3024	 274
2320	3027	 274
2321	3028	 274
2321	3041	 274
2322	3065	 274
2323	3101	 274
2325	3145	 274
2328	3188	 274
2332	3228	 274
2335	3260	 274
2339	3281	 274
2342	3314	 274
2346	3329	 274
2350	3338	 274
2354	3400	 274
2358	3483	 274
2361	3551	 274
2365	3595	 274
2368	3629	 274
2371	3656	 274
2374	3799	 274
2377	3906	 274
2380	3906	 274
2383	 289	 274
2385	 299	 274
2388	 302	 274
2390	 309	 274
2391	 329	 274
2393	 358	 274
2394	 390	 274
2395	 416	 274
2396	 435	 274
2397	 445	 274
2397	 458	 274
2397	 488	 274
2397	 492	 274
2397	 523	 274
2396	 557	 274
2395	 576	 274
2393	 589	 274
2391	 598	 274
2388	 603	 274
2385	 605	 274
2381	 611	 274
2377	 620	 274
2372	 629	 274
2365	 639	 274
2358	 649	 274
2349	 659	 274
2339	 667	 274
2326	 674	 274
2318	 679	 274
2308	 682	 274
2294	 682	 274
2276	 680	 274
2255	 675	 274
2230	 668	 274
2205	 658	 274
2180	 647	 274
2158	 636	 274
2139	 625	 274
2124	 614	 274
2118	 605	 274
2113	 602	 274
2099	 595	 274
2078	 582	 274
2051	 562	 274
2019	 523	 274
1968	 496	 274
1946	 475	 274
1919	 447	 274
1894	 437	 274
1868	 415	 274
1841	 381	 274
1822	 344	 274
1816	 315	 274
1814	 302	 274
1807	 299	 274
1795	 287	 274
1780	3935	 274
1761	3859	 274
1741	3730	 274
1718	3632	 274
1696	3607	 274
1683	3567	 274
1663	3504	 274
1641	3426	 274
1618	3356	 274
1596	3330	 274
 942	2938	 274
 947	2953	 274
 951	2964	 274
 954	2973	 274
 955	2979	 274
 955	2983	 274
 953	2986	 274
 949	2987	 274
 945	2986	 274
 939	2985	 274
 932	2981	 274
 925	2977	 274
 919	2971	 274
 913	2964	 274
 909	2956	 274
 908	2946	 274
 907	2936	 274
 905	2925	 274
 900	2914	 274
 892	2906	 274
 881	2899	 274
 865	2892	 274
 846	2882	 274
 821	2871	 274
 792	2859	 274
 770	2845	 274
 733	2832	 274
 690	2819	 274
 652	2807	 274
 624	2797	 274
 605	2787	 274
 599	2780	 274
 581	2773	 274
 545	2768	 274
 493	2763	 274
 465	2760	 274
 442	2756	 274
 418	2753	 274
 374	2751	 274
 328	2748	 274
 303	2746	 274
 303	2744	 274
 303	2742	 274
3883	2740	 274
3689	2738	 274
3621	2736	 274
3557	2734	 274
3442	2732	 274
3334	2729	 274
3318	2724	 274
3271	2724	 274
3214	2724	 274
3130	2724	 274
3052	2722	 274
3027	2719	 274
3005	2714	 274
2956	2707	 274
2904	2697	 274
2868	2683	 274
2816	2666	 274
2774	2644	 274
2749	2612	 274
2735	2576	 274
2724	2549	 274
2724	2526	 274
2722	2504	 274
2719	2482	 274
2715	2458	 274
2713	2436	 274
2712	2423	 274
2712	2421	 274
2713	2415	 274
2715	2402	 274
2717	2384	 274
2720	2360	 274
2723	2330	 274
2724	2306	 274
2724	2272	 274
2727	2230	 274
2732	2190	 274
2739	2157	 274
2747	2133	 274
2757	2119	 274
2768	2115	 274
2782	2101	 274
2797	2081	 274
2813	2055	 274
2828	2027	 274
2841	1997	 274
2852	1964	 274
2861	1940	 274
2867	1921	 274
2871	1904	 274
2873	1889	 274
2873	1873	 274
2871	1858	 274
2867	1845	 274
2862	1833	 274
2855	1825	 274
2846	1819	 274
2836	1816	 274
2824	1816	 274
2810	1816	 274
2796	1815	 274
2783	1814	 274
2770	1812	 274
2759	1810	 274
2749	1808	 274
2741	1805	 274
2734	1802	 274
2729	1799	 274
2724	1795	 274
2724	1792	 274
2721	1788	 274
2716	1784	 274
2709	1779	 274
2700	1774	 274
2689	1769	 274
2678	1763	 274
2665	1757	 274
2651	1750	 274
2636	1742	 274
2619	1734	 274
2619	1725	 274
2582	1715	 274
2572	1705	 274
2562	1696	 274
2554	1690	 274
2546	1683	 274
2540	1674	 274
2535	1664	 274
2531	1653	 274
2528	1640	 274
2525	1628	 274
2523	1615	 274
2522	1603	 274
2522	1591	 274
2522	1580	 274
2523	1570	 274
2525	1562	 274
2528	1554	 274
2532	1548	 274
2536	1542	 274
2542	1538	 274
2549	1534	 274
2558	1531	 274
2568	1528	 274
2580	1527	 274
2618	1526	 274
2624	1525	 274
2641	1525	 274
2658	1526	 274
2675	1528	 274
2689	1530	 274
2702	1533	 274
2713	1537	 274
2721	1542	 274
2724	1548	 274
2724	1556	 274
2734	1565	 274
2746	1576	 274
2761	1589	 274
2782	1605	 274
2810	1622	 274
2839	1639	 274
2868	1656	 274
2890	1672	 274
2905	1686	 274
2927	1696	 274
2953	1714	 274
2977	1733	 274
2996	1750	 274
3011	1767	 274
3021	1782	 274
3026	1795	 274
3027	1805	 274
3031	1813	 274
3041	1816	 274
3054	1817	 274
3070	1831	 274
3086	1854	 274
3102	1880	 274
3117	1906	 274
3131	1933	 274
3143	1965	 274
3153	2008	 274
3161	2045	 274
3168	2078	 274
3174	2102	 274
3179	2117	 274
3183	2123	 274
3186	2144	 274
3188	2177	 274
3190	2219	 274
3191	2266	 274
3191	2304	 274
3191	2331	 274
3191	2363	 274
3191	2388	 274
3190	2407	 274
3190	2418	 274
3189	2421	 274
3189	2429	 274
3189	2452	 274
3189	2480	 274
3189	2506	 274
3190	2532	 274
3192	2564	 274
3194	2624	 274
3197	2651	 274
3200	2681	 274
3205	2702	 274
3210	2717	 274
3215	2724	 274
3221	2724	 274
3227	2735	 274
3234	2748	 274
3240	2766	 274
3246	2789	 274
3252	2816	 274
3258	2845	 274
3263	2870	 274
3268	2891	 274
3272	2904	 274
3276	2921	 274
3279	2944	 274
3286	2967	 274
3292	2987	 274
3298	3003	 274
3303	3015	 274
3307	3023	 274
3311	3027	 274
3314	3027	 274
3316	3036	 274
3318	3052	 274
3320	3074	 274
3321	3101	 274
3321	3131	 274
3322	3162	 274
3321	3191	 274
3321	3217	 274
3319	3241	 274
3317	3260	 274
3315	3275	 274
3311	3293	 274
3307	3311	 274
3302	3323	 274
3296	3329	 274
3288	3330	 274
3279	3341	 274
3275	3366	 274
3270	3399	 274
3264	3432	 274
3256	3463	 274
3247	3488	 274
3237	3509	 274
3226	3524	 274
3214	3536	 274
3201	3543	 274
3187	3547	 274
3172	3546	 274
3157	3542	 274
3142	3533	 274
3127	3518	 274
3112	3497	 274
3099	3467	 274
3086	3426	 274
3075	3379	 274
3065	3339	 274
3057	3330	 274
3050	3319	 274
3045	3286	 274
3040	3254	 274
3037	3201	 274
3035	3122	 274
3033	3046	 274
3032	3025	 274
3032	2985	 274
3032	2908	 274
3032	2840	 274
3033	2756	 274
3035	2724	 274
3038	2694	 274
3041	2625	 274
3046	2519	 274
3053	2458	 274
3062	2421	 274
3073	2405	 274
3087	2358	 274
3103	2298	 274
3121	2213	 274
3142	2143	 274
3164	2117	 274
3186	2086	 274
3208	2028	 274
3230	1958	 274
3249	1910	 274
3266	1869	 274
3278	1831	 274
3300	1816	 274
3318	1814	 274
3328	1806	 274
3330	1795	 274
3350	1784	 274
3401	1773	 274
3463	1764	 274
3520	1757	 274
3566	1752	 274
3597	1751	 274
3626	1752	 274
3631	1756	 274
3727	1761	 274
3820	1769	 274
3917	1778	 274
3935	1788	 274
3935	1798	 274
3935	1806	 274
 302	1813	 274
 303	1816	 274
 314	1818	 274
 335	1833	 274
 362	1859	 274
 392	1888	 274
 417	1917	 274
 434	1950	 274
 445	1997	 274
 456	2041	 274
 487	2079	 274
 492	2106	 274
 527	2118	 274
 562	2133	 274
 581	2167	 274
 594	2214	 274
 602	2268	 274
 605	2310	 274
 618	2344	 274
 634	2377	 274
 656	2402	 274
 683	2417	 274
 715	2421	 274
 746	2433	 274
 772	2462	 274
 789	2495	 274
 810	2525	 274
 833	2561	 274
 851	2612	 274
 866	2662	 274
 879	2694	 274
 889	2714	 274
 897	2724	 274
 902	2729	 274
 906	2742	 274
 907	2761	 274
 908	2788	 274
 908	2820	 274
 912	2851	 274
 917	2877	 274
 923	2895	 274
 930	2907	 274
 936	2922	 274
3027	1835	 274
3026	1836	 274
3025	1837	 274
3023	1839	 274
3020	1840	 274
3017	1842	 274
3013	1843	 274
3010	1845	 274
3006	1847	 274
3002	1849	 274
2999	1851	 274
2995	1853	 274
2992	1855	 274
2989	1857	 274
2986	1859	 274
2983	1861	 274
2980	1863	 274
2977	1865	 274
2975	1867	 274
2972	1869	 274
2970	1870	 274
2968	1872	 274
2965	1873	 274
2963	1875	 274
2961	1876	 274
2958	1877	 274
2956	1878	 274
2954	1879	 274
2951	1879	 274
2948	1880	 274
2945	1880	 274
2942	1880	 274
2938	1879	 274
2935	1879	 274
2931	1879	 274
2927	1878	 274
2923	1878	 274
2919	1879	 274
2916	1879	 274
2912	1880	 274
2909	1881	 274
2906	1883	 274
2904	1886	 274
2901	1889	 274
2899	1893	 274
2897	1898	 274
2895	1904	 274
2892	1911	 274
2889	1919	 274
2886	1928	 274
2883	1940	 274
2880	1954	 274
2877	1984	 274
2874	1997	 274
2871	2020	 274
2868	2044	 274
2866	2067	 274
2863	2089	 274
2861	2107	 274
2859	2117	 274
2858	2124	 274
2856	2147	 274
2855	2184	 274
2854	2235	 274
2853	2287	 274
2852	2323	 274
2851	2365	 274
2849	2397	 274
2847	2416	 274
2844	2422	 274
2841	2445	 274
2836	2487	 274
2831	2528	 274
2824	2581	 274
2816	2657	 274
2807	2702	 274
2796	2723	 274
2785	2734	 274
2774	2764	 274
2763	2817	 274
2752	2874	 274
2743	2908	 274
2734	2953	 274
2725	2993	 274
2724	3017	 274
2721	3026	 274
2710	3030	 274
2693	3047	 274
2666	3070	 274
2631	3094	 274
2575	3113	 274
2537	3126	 274
2505	3134	 274
2473	3135	 274
2439	3131	 274
2422	3121	 274
2418	3106	 274
2402	3086	 274
2374	3065	 274
2335	3044	 274
2299	3029	 274
2245	3027	 274
2188	3019	 274
2145	3000	 274
2119	2968	 274
2112	2925	 274
2089	2894	 274
2054	2851	 274
2013	2797	 274
1967	2754	 274
1933	2730	 274
1907	2722	 274
1884	2700	 274
1863	2658	 274
1844	2586	 274
1830	2533	 274
1822	2493	 274
1818	2452	 274
1817	2423	 274
1816	2419	 274
1817	2402	 274
1819	2373	 274
1824	2332	 274
1834	2295	 274
1851	2239	 274
1873	2182	 274
1897	2141	 274
1924	2119	 274
1959	2109	 274
2009	2083	 274
2056	2045	 274
2095	2001	 274
2117	1954	 274
2133	1920	 274
2179	1891	 274
2249	1863	 274
2312	1836	 274
2363	1819	 274
2402	1816	 274
2421	1814	 274
2438	1809	 274
2492	1801	 274
2549	1792	 274
2645	1783	 274
2707	1774	 274
2724	1765	 274
2763	1758	 274
2845	1753	 274
2910	1749	 274
2986	1747	 274
3025	1748	 274
3050	1751	 274
3133	1756	 274
3216	1763	 274
3269	1771	 274
3311	1780	 274
3330	1790	 274
3365	1799	 274
3456	1807	 274
3534	1813	 274
3583	1816	 274
3615	1818	 274
3632	1831	 274
3648	1856	 274
3731	1884	 274
3794	1912	 274
3824	1943	 274
3857	1986	 274
3874	2031	 274
3877	2070	 274
3863	2100	 274
3837	2117	 274
3803	2127	 274
3739	2157	 274
3645	2202	 274
3631	2257	 274
3599	2304	 274
3549	2338	 274
3451	2374	 274
3338	2401	 274
3316	2417	 274
3255	2421	 274
3146	2435	 274
3030	2467	 274
2981	2501	 274
2866	2534	 274
2740	2577	 274
2693	2640	 274
2539	2682	 274
2434	2709	 274
2397	2723	 274
2294	2729	 274
2142	2747	 274
2081	2775	 274
1935	2817	 274
1826	2861	 274
1794	2894	 274
1697	2918	 274
1579	2955	 274
1511	2987	 274
1447	3010	 274
1352	3023	 274
1249	3027	 274
1210	3032	 274
1160	3050	 274
1081	3076	 274
1025	3105	 274
 954	3135	 274
 911	3162	 274
 906	3185	 274
 893	3205	 274
 873	3222	 274
 850	3236	 274
 828	3247	 274
 806	3255	 274
 793	3262	 274
 787	3267	 274
 785	3271	 274
 786	3274	 274
 789	3276	 274
 797	3277	 274
 813	3278	 274
 832	3278	 274
 851	3277	 274
 870	3276	 274
 887	3275	 274
 901	3273	 274
 907	3270	 274
 911	3265	 274
 938	3260	 274
 988	3254	 274
1035	3246	 274
1068	3236	 274
1138	3224	 274
1176	3210	 274
1209	3195	 274
1223	3176	 274
1276	3156	 274
1346	3133	 274
1393	3109	 274
1466	3085	 274
1505	3062	 274
1522	3044	 274
1580	3031	 274
1661	3027	 274
1717	3025	 274
1773	3018	 274
1808	3005	 274
1817	2987	 274
1865	2964	 274
1924	2936	 274
2001	2911	 274
2074	2896	 274
2115	2874	 274
2138	2846	 274
2203	2815	 274
2285	2786	 274
2340	2763	 274
2389	2746	 274
2416	2734	 274
2423	2724	 274
2459	2724	 274
2505	2719	 274
2553	2709	 274
2631	2695	 274
2686	2678	 274
2717	2657	 274
2724	2634	 274
2744	2622	 274
2778	2574	 274
2828	2554	 274
2875	2537	 274
2903	2523	 274
2934	2511	 274
2970	2499	 274
2997	2488	 274
3015	2477	 274
3024	2466	 274
3027	2455	 274
3030	2446	 274
3041	2437	 274
3056	2430	 274
3074	2425	 274
3092	2422	 274
3110	2422	 274
3126	2421	 274
3141	2421	 274
3154	2419	 274
3166	2417	 274
3176	2414	 274
3185	2411	 274
3192	2407	 274
3199	2402	 274
3206	2397	 274
3212	2390	 274
3217	2383	 274
3222	2375	 274
3227	2367	 274
3232	2357	 274
3237	2345	 274
3242	2333	 274
3247	2321	 274
3252	2312	 274
3257	2299	 274
3262	2284	 274
3266	2266	 274
3270	2246	 274
3274	2225	 274
3278	2204	 274
3282	2185	 274
3289	2167	 274
3296	2152	 274
3301	2139	 274
3306	2128	 274
3311	2119	 274
3315	2118	 274
3318	2116	 274
3321	2110	 274
3323	2102	 274
3325	2091	 274
3326	2079	 274
3327	2065	 274
3328	2050	 274
3329	2034	 274
3329	2017	 274
3329	2001	 274
3329	1974	 274
3329	1965	 274
3329	1952	 274
3328	1940	 274
3327	1929	 274
3326	1920	 274
3324	1912	 274
3322	1904	 274
3318	1897	 274
3313	1890	 274
3307	1884	 274
3300	1877	 274
3292	1872	 274
3281	1866	 274
3275	1861	 274
3269	1857	 274
3261	1852	 274
3251	1849	 274
3240	1846	 274
3227	1843	 274
3212	1841	 274
3196	1839	 274
3179	1837	 274
3161	1836	 274
3141	1834	 274
3122	1834	 274
3103	1833	 274
3085	1833	 274
3069	1833	 274
3055	1833	 274
3044	1833	 274
3035	1833	 274
3030	1834	 274
3027	1834	 274
1155	3377	 274
1161	3271	 274
1170	3083	 274
1181	2993	 274
1193	2842	 274
1204	2724	 274
1210	2652	 274
1212	2508	 274
1222	2424	 274
1241	2401	 274
1271	2325	 274
1310	2234	 274
1347	2143	 274
1372	2114	 274
1408	2069	 274
1456	2000	 274
1489	1932	 274
1509	1889	 274
1518	1848	 274
1550	2897	 274
1605	2873	 274
1666	2840	 274
1706	2805	 274
1756	2776	 274
1793	2756	 274
1813	2741	 274
1820	2731	 274
1865	2724	 274
1916	2724	 274
1965	2720	 274
2054	2713	 274
2104	2705	 274
2119	2696	 274
2166	2687	 274
2242	2678	 274
2312	2670	 274
2364	2664	 274
2404	2659	 274
2421	2656	 274
2437	2656	 274
2486	2657	 274
2535	2662	 274
2622	2668	 274
2681	2677	 274
2718	2686	 274
2729	2696	 274
2758	2707	 274
2814	2716	 274
2878	2723	 274
2916	2724	 274
2970	2733	 274
3009	2749	 274
3026	2776	 274
3032	2818	 274
3063	2868	 274
3106	2738	 274
3151	2814	 274
3188	2904	 274
3217	2995	 274
3239	3027	 274
3255	3113	 274
3265	3228	 274
3272	3296	 274
3276	3330	 274
3278	3452	 274
3278	3580	 274
3278	3632	 274
3276	3821	 274
3274	3821	 274
3269	3821	 274
3263	 289	 274
3254	 302	 274
3242	 318	 274
3227	 368	 274
3208	 421	 274
3186	 446	 274
3161	 478	 274
3133	 538	 274
3103	 586	 274
3075	 604	 274
3051	 627	 274
3034	 676	 274
3027	 747	 274
3026	 796	 274
3019	 849	 274
3008	 885	 274
2992	 904	 274
2973	 909	 274
2951	 937	 274
2930	 992	 274
2912	1038	 274
2901	1069	 274
2892	1131	 274
2881	1163	 274
2869	1194	 274
2857	1210	 274
2846	1217	 274
2835	1240	 274
2826	1276	 274
2817	1316	 274
2810	1349	 274
2803	1371	 274
2797	1392	 274
2793	1427	 274
2789	1456	 274
2785	1477	 274
2782	1491	 274
2779	1502	 274
2776	1509	 274
2774	1512	 274
2771	1513	 274
2769	1520	 274
2766	1528	 274
2763	1536	 274
2761	1546	 274
2757	1555	 274
2754	1564	 274
2751	1572	 274
2747	1579	 274
2743	1586	 274
2739	1591	 274
2735	1596	 274
2732	1599	 274
2729	1601	 274
2724	1602	 274
2724	1603	 274
2724	1603	 274
2722	1602	 274
2718	1600	 274
2714	1598	 274
2708	1596	 274
2701	1593	 274
2694	1591	 274
2685	1588	 274
2677	1585	 274
2668	1583	 274
2659	1581	 274
2651	1579	 274
2643	1577	 274
2636	1576	 274
2631	1575	 274
2627	1576	 274
2624	1576	 274
2623	1578	 274
2625	1581	 274
2629	1584	 274
2634	1589	 274
2642	1596	 274
2652	1603	 274
2663	1613	 274
2676	1624	 274
2689	1636	 274
2701	1650	 274
2712	1663	 274
2720	1676	 274
2724	1687	 274
2726	1696	 274
2737	1710	 274
2750	1727	 274
2770	1742	 274
2796	1757	 274
2828	1770	 274
2859	1782	 274
2884	1793	 274
2901	1801	 274
2918	1808	 274
2941	1813	 274
2962	1815	 274
2980	1816	 274
2993	1817	 274
3002	1822	 274
3008	1831	 274
3012	1841	 274
3013	1852	 274
3013	1862	 274
3010	1871	 274
3004	1878	 274
2994	1884	 274
2979	1888	 274
2954	1891	 274
2923	1891	 274
2897	1890	 274
2862	1888	 274
2809	1884	 274
2761	1878	 274
2732	1871	 274
2722	1863	 274
2695	1854	 274
2639	1845	 274
2555	1836	 274
2503	1828	 274
2453	1821	 274
2422	1817	 274
2413	1816	 274
2383	1816	 274
2333	1816	 274
2283	1815	 274
2209	1813	 274
2149	1812	 274
2119	1810	 274
2105	1809	 274
2068	1808	 274
2019	1808	 274
1964	1809	 274
1924	1810	 274
1895	1812	 274
1868	1814	 274
1845	1815	 274
1828	1816	 274
1820	1817	 274
1817	1826	 274
1816	1846	 274
1816	1873	 274
1817	1902	 274
1821	1933	 274
1829	1976	 274
1844	2031	 274
1866	2077	 274
1891	2109	 274
1918	2119	 274
1952	2154	 274
2001	2213	 274
2049	2284	 274
2090	2333	 274
2115	2382	 274
2127	2412	 274
2168	2422	 274
2231	2450	 274
2298	2500	 274
2344	2552	 274
2388	2639	 274
2415	2697	 274
2422	2723	 274
2453	2739	 274
2501	2784	 274
2550	2854	 274
2631	2903	 274
2689	2957	 274
2720	3003	 274
2730	3025	 274
2756	3032	 274
2804	3064	 274
2861	3111	 274
2900	3158	 274
2937	3196	 274
2979	3226	 274
3007	3247	 274
3023	3263	 274
3027	3273	 274
3035	3279	 274
3055	3288	 274
3080	3295	 274
3107	3298	 274
3132	3299	 274
3154	3297	 274
3172	3294	 274
3186	3286	 274
3197	3278	 274
3205	3272	 274
3210	3262	 274
3213	3247	 274
3214	3226	 274
3213	3199	 274
3209	3165	 274
3203	3123	 274
3195	3079	 274
3184	3042	 274
3171	3027	 274
3154	3019	 274
3135	2992	 274
3113	2945	 274
3090	2900	 274
3066	2852	 274
3046	2787	 274
3031	2743	 274
3027	2724	 274
3024	2707	 274
3014	2657	 274
2996	2571	 274
2970	2513	 274
2936	2463	 274
2906	2423	 274
2884	2415	 274
2848	2385	 274
2806	2330	 274
2769	2270	 274
2744	2186	 274
2729	2128	 274
2723	2109	 274
2711	2057	 274
2687	1989	 274
2651	1908	 274
2607	1848	 274
2550	1816	 274
2517	1803	 274
2488	1764	 274
2456	1706	 274
2430	1653	 274
2421	1575	 274
2417	1522	 274
2404	1507	 274
2383	1473	 274
2356	1409	 274
2321	1361	 274
2293	1303	 274
2250	1242	 274
2202	1212	 274
2162	1200	 274
2133	1162	 274
2119	1120	 274
2111	1054	 274
2090	1024	 274
2059	 971	 274
2020	 925	 274
1990	 908	 274
1936	 904	 274
1905	 888	 274
1875	 861	 274
1844	 826	 274
1820	 787	 274
1816	 750	 274
1811	 700	 274
1798	 656	 274
1779	 626	 274
1754	 605	 274
1725	 601	 274
1694	 589	 274
1669	 571	 274
1631	 536	 274
1588	 492	 274
1552	 488	 274
1526	 456	 274
1513	 445	 274
1507	 435	 274
1493	 420	 274
1472	 399	 274
1441	 374	 274
1403	 350	 274
1374	 330	 274
1357	 314	 274
1330	 305	 274
1298	 302	 274
1268	 301	 274
1243	 297	 274
1226	 290	 274
1215	 282	 274
1210	3935	 274
1209	3930	 274
1202	3881	 274
1193	3815	 274
1182	3755	 274
1172	3666	 274
1164	3632	 274
1157	3629	 274
1153	3609	 274
1149	3589	 274
1147	3563	 274
1147	3527	 274
1148	3482	 274
1151	3430	 274
1824	 930	 274
1816	 913	 274
1814	 908	 274
1805	 906	 274
1789	 900	 274
1768	 888	 274
1741	 872	 274
1708	 851	 274
1683	 825	 274
1649	 794	 274
1605	 772	 274
1562	 737	 274
1531	 697	 274
1513	 660	 274
1507	 634	 274
1489	 614	 274
1460	 605	 274
1416	 598	 274
1374	 585	 274
1347	 564	 274
1304	 524	 274
1257	 496	 274
1224	 476	 274
1210	 447	 274
1199	 439	 274
1168	 422	 274
1138	 396	 274
1082	 362	 274
1045	 332	 274
1008	 310	 274
 957	 302	 274
 918	 299	 274
 908	 290	 274
 900	 276	 274
 880	3910	 274
 848	3804	 274
 801	3666	 274
 763	3631	 274
 705	3599	 274
 651	3561	 274
 617	3501	 274
 603	3424	 274
 588	3354	 274
 556	3330	 274
 492	3323	 274
 471	3300	 274
 444	3273	 274
 422	3249	 274
 383	3216	 274
 338	3177	 274
 308	3135	 274
 302	3094	 274
 292	3060	 274
3935	3037	 274
3820	3027	 274
3669	3026	 274
3628	3021	 274
3588	3013	 274
3531	3003	 274
3447	2992	 274
3362	2981	 274
3330	2971	 274
3322	2963	 274
3294	2956	 274
3267	2953	 274
3238	2951	 274
3201	2952	 274
3158	2955	 274
3113	2960	 274
3074	2967	 274
3045	2976	 274
3029	2985	 274
3027	2996	 274
3022	3006	 274
3013	3015	 274
2999	3022	 274
2984	3026	 274
2967	3027	 274
2949	3034	 274
2932	3052	 274
2917	3079	 274
2902	3113	 274
2896	3151	 274
2890	3188	 274
2883	3222	 274
2875	3251	 274
2869	3272	 274
2862	3295	 274
2857	3318	 274
2852	3329	 274
2847	3334	 274
2843	3378	 274
2840	3447	 274
2837	3513	 274
2835	3564	 274
2834	3598	 274
2833	3628	 274
2833	3637	 274
2833	3757	 274
2834	3853	 274
2836	3932	 274
2838	 279	 274
2841	 291	 274
2845	 299	 274
2849	 302	 274
2853	 307	 274
2858	 325	 274
2864	 351	 274
2870	 381	 274
2876	 410	 274
2882	 430	 274
2888	 443	 274
2893	 449	 274
2898	 483	 274
2903	 492	 274
2908	 527	 274
2916	 564	 274
2926	 584	 274
2938	 597	 274
2950	 604	 274
2963	 611	 274
2975	 627	 274
2987	 650	 274
2997	 681	 274
3006	 719	 274
3014	 755	 274
3020	 783	 274
3024	 806	 274
3026	 836	 274
3027	 858	 274
3028	 877	 274
3034	 892	 274
3043	 902	 274
3054	 907	 274
3068	 908	 274
3083	 915	 274
3098	 933	 274
3114	 958	 274
3129	 989	 274
3144	1016	 274
3158	1038	 274
3170	1051	 274
3182	1070	 274
3191	1105	 274
3200	1133	 274
3207	1150	 274
3213	1164	 274
3218	1180	 274
3222	1194	 274
3224	1205	 274
3226	1210	 274
3226	1210	 274
3225	1215	 274
3224	1222	 274
3222	1231	 274
3219	1243	 274
3216	1257	 274
3213	1271	 274
3209	1287	 274
3206	1302	 274
3204	1317	 274
3202	1331	 274
3201	1344	 274
3202	1355	 274
3203	1364	 274
3207	1371	 274
3211	1377	 274
3218	1389	 274
3226	1404	 274
3236	1421	 274
3247	1438	 274
3258	1453	 274
3269	1467	 274
3279	1479	 274
3299	1489	 274
3316	1498	 274
3328	1506	 274
3330	1511	 274
3357	1513	 274
3424	1519	 274
3501	1532	 274
3565	1552	 274
3608	1577	 274
3632	1609	 274
3761	1642	 274
3900	1672	 274
 278	1694	 274
 295	1720	 274
 302	1748	 274
 316	1772	 274
 356	1792	 274
 404	1807	 274
 437	1815	 274
 454	1817	 274
 499	1834	 274
 548	1865	 274
 587	1897	 274
 604	1928	 274
 622	1966	 274
 665	2014	 274
 730	2055	 274
 785	2089	 274
 834	2111	 274
 874	2119	 274
 899	2134	 274
 908	2164	 274
 922	2204	 274
 971	2250	 274
1026	2292	 274
1055	2319	 274
1120	2349	 274
1158	2375	 274
1192	2395	 274
1210	2409	 274
1220	2418	 274
1252	2421	 274
1298	2424	 274
1342	2438	 274
1371	2457	 274
1405	2478	 274
1449	2497	 274
1480	2514	 274
1500	2531	 274
1511	2549	 274
1516	2569	 274
1534	2599	 274
1561	2623	 274
1594	2642	 274
1631	2657	 274
1663	2670	 274
1687	2680	 274
1704	2687	 274
1730	2694	 274
1751	2698	 274
1769	2702	 274
1785	2704	 274
1797	2705	 274
1807	2705	 274
1813	2705	 274
1816	2703	 274
1816	2700	 274
1822	2696	 274
1835	2690	 274
1852	2683	 274
1870	2674	 274
1888	2662	 274
1904	2648	 274
1921	2632	 274
1938	2625	 274
1958	2581	 274
1967	2562	 274
2005	2545	 274
2026	2529	 274
2045	2514	 274
2063	2499	 274
2078	2485	 274
2091	2469	 274
2102	2452	 274
2110	2438	 274
2115	2427	 274
2118	2422	 274
2119	2421	 274
2124	2419	 274
2132	2415	 274
2141	2408	 274
2151	2400	 274
2162	2391	 274
2175	2380	 274
2187	2369	 274
2201	2357	 274
2214	2344	 274
2228	2331	 274
2241	2321	 274
2254	2313	 274
2266	2304	 274
2276	2294	 274
2286	2284	 274
2295	2273	 274
2302	2262	 274
2309	2251	 274
2314	2241	 274
2319	2230	 274
2322	2220	 274
2327	2210	 274
2334	2200	 274
2340	2191	 274
2345	2182	 274
2350	2173	 274
2356	2165	 274
2360	2157	 274
2364	2149	 274
2367	2141	 274
2371	2134	 274
2374	2128	 274
2377	2122	 274
2380	2119	 274
2383	2118	 274
2386	2115	 274
2388	2110	 274
2391	2102	 274
2393	2091	 274
2396	2077	 274
2398	2059	 274
2400	2039	 274
2402	2015	 274
2403	1989	 274
2405	1959	 274
2407	1935	 274
2408	1914	 274
2409	1894	 274
2410	1872	 274
2411	1849	 274
2412	1828	 274
2412	1817	 274
2413	1816	 274
2413	1812	 274
2413	1803	 274
2413	1790	 274
2413	1773	 274
2413	1753	 274
2412	1729	 274
2411	1700	 274
2410	1684	 274
2409	1659	 274
2407	1627	 274
2405	1593	 274
2402	1562	 274
2399	1538	 274
2395	1521	 274
2390	1513	 274
2384	1510	 274
2378	1501	 274
2370	1488	 274
2361	1471	 274
2350	1449	 274
2337	1422	 274
2323	1393	 274
2314	1373	 274
2301	1361	 274
2284	1342	 274
2263	1318	 274
2239	1292	 274
2214	1266	 274
2189	1244	 274
2167	1227	 274
2147	1216	 274
2131	1210	 274
2119	1209	 274
2117	1199	 274
2110	1184	 274
2096	1167	 274
2076	1151	 274
2051	1133	 274
2021	1104	 274
1988	1068	 274
1951	1050	 274
1924	1036	 274
1899	1014	 274
1873	 985	 274
1846	 955	 274
1503	 564	 274
1493	 519	 274
1478	 508	 274
1458	 467	 274
1432	 446	 274
1401	 434	 274
1376	 413	 274
1362	 383	 274
1340	 350	 274
1311	 323	 274
1280	 306	 274
1252	 302	 274
1230	 298	 274
1216	 289	 274
1210	 277	 274
1206	3801	 274
1191	3695	 274
1172	3632	 274
1153	3627	 274
1135	3604	 274
1104	3585	 274
1067	3559	 274
1050	3529	 274
1036	3496	 274
1015	3463	 274
 989	3432	 274
 962	3404	 274
 939	3382	 274
 922	3366	 274
 912	3354	 274
 908	3347	 274
 908	3343	 274
 905	3341	 274
 901	3342	 274
 895	3344	 274
 888	3349	 274
 879	3358	 274
 870	3370	 274
 860	3387	 274
 850	3409	 274
 840	3435	 274
 830	3464	 274
 818	3494	 274
 807	3524	 274
 798	3552	 274
 791	3577	 274
 787	3596	 274
 783	3616	 274
 778	3631	 274
 774	3632	 274
 771	3699	 274
 769	3792	 274
 767	3859	 274
 766	3927	 274
 767	3927	 274
 768	 283	 274
 771	 293	 274
 774	 300	 274
 778	 302	 274
 783	 306	 274
 787	 321	 274
 792	 344	 274
 800	 372	 274
 811	 401	 274
 823	 423	 274
 834	 439	 274
 845	 447	 274
 854	 468	 274
 863	 496	 274
 871	 501	 274
 879	 545	 274
 886	 573	 274
 891	 589	 274
 896	 600	 274
 899	 605	 274
 902	 613	 274
 904	 629	 274
 906	 649	 274
 907	 676	 274
 907	 708	 274
 907	 740	 274
 908	 768	 274
 907	 787	 274
 907	 804	 274
 907	 827	 274
 906	 845	 274
 904	 860	 274
 901	 872	 274
 897	 882	 274
 889	 890	 274
 878	 896	 274
 863	 900	 274
 844	 903	 274
 816	 905	 274
 787	 906	 274
 758	 907	 274
 714	 908	 274
 667	 908	 274
 633	 908	 274
 609	 908	 274
 601	 908	 274
 585	 908	 274
 552	 908	 274
 492	 908	 274
 470	 908	 274
 444	 908	 274
 421	 908	 274
 380	 908	 274
 334	 908	 274
 305	 908	 274
 300	 908	 274
 287	 908	 274
3933	 908	 274
3804	 908	 274
3632	 908	 274
3609	 908	 274
3556	 908	 274
3468	 908	 274
3368	 908	 274
3330	 908	 274
3318	 908	 274
3285	 908	 274
3260	 909	 274
3228	 910	 274
3190	 913	 274
3151	 917	 274
3113	 922	 274
3082	 928	 274
3058	 937	 274
3042	 947	 274
3033	 959	 274
3028	 973	 274
3027	 988	 274
3027	1002	 274
3027	1016	 274
3027	1029	 274
3027	1039	 274
3027	1048	 274
3027	1053	 274
3027	1067	 274
3029	1089	 274
3034	1111	 274
3042	1129	 274
3053	1143	 274
3067	1153	 274
3086	1163	 274
3107	1174	 274
3130	1185	 274
3155	1195	 274
3178	1203	 274
3201	1209	 274
3222	1210	 274
3241	1210	 274
3257	1214	 274
3270	1218	 274
3279	1225	 274
3298	1232	 274
3313	1241	 274
3324	1251	 274
3329	1262	 274
3330	1273	 274
3340	1285	 274
3369	1297	 274
3410	1308	 274
3456	1319	 274
3498	1329	 274
3536	1338	 274
3568	1346	 274
3591	1353	 274
3612	1360	 274
3630	1365	 274
3632	1369	 274
3686	1373	 274
3780	1376	 274
3843	1382	 274
3914	1388	 274
3935	1396	 274
 281	1404	 274
 290	1412	 274
 297	1420	 274
 301	1427	 274
 302	1434	 274
 308	1441	 274
 322	1447	 274
 343	1453	 274
 367	1458	 274
 393	1463	 274
 415	1468	 274
 432	1472	 274
 443	1476	 274
 448	1480	 274
 473	1483	 274
 509	1486	 274
 498	1489	 274
 538	1492	 274
 567	1495	 274
 583	1498	 274
 595	1500	 274
 602	1502	 274
 605	1504	 274
 616	1506	 274
 630	1508	 274
 649	1509	 274
 673	1511	 274
 701	1512	 274
 731	1512	 274
 758	1513	 274
 779	1513	 274
 793	1513	 274
 813	1516	 274
 833	1518	 274
 849	1521	 274
 863	1525	 274
 874	1529	 274
 884	1534	 274
 892	1539	 274
 898	1545	 274
 903	1552	 274
 906	1560	 274
 907	1568	 274
 908	1577	 274
 909	1588	 274
 913	1599	 274
 920	1611	 274
 931	1624	 274
 943	1637	 274
 958	1650	 274
 976	1662	 274
 993	1674	 274
1010	1684	 274
1026	1693	 274
1039	1700	 274
1048	1715	 274
1056	1730	 274
1079	1743	 274
1108	1756	 274
1132	1769	 274
1149	1781	 274
1163	1791	 274
1181	1801	 274
1198	1808	 274
1209	1813	 274
1212	1816	 274
1221	1816	 274
1241	1824	 274
1271	1840	 274
1308	1861	 274
1343	1883	 274
1369	1903	 274
1394	1924	 274
1437	1948	 274
1471	1972	 274
1495	2011	 274
1509	2040	 274
1513	2066	 274
1535	2087	 274
1568	2104	 274
1613	2114	 274
1657	2119	 274
1689	2125	 274
1718	2139	 274
1750	2157	 274
1776	2179	 274
1796	2203	 274
1809	2229	 274
1816	2254	 274
1817	2276	 274
1831	2294	 274
1855	2309	 274
1880	2319	 274
1902	2327	 274
1922	2339	 274
1943	2348	 274
1965	2357	 274
1992	2362	 274
2013	2367	 274
2031	2370	 274
2046	2372	 274
2059	2373	 274
2070	2374	 274
2079	2373	 274
2086	2372	 274
2091	2369	 274
2095	2366	 274
2098	2361	 274
2100	2356	 274
2102	2348	 274
2102	2339	 274
2102	2329	 274
2102	2320	 274
2101	2312	 274
2099	2301	 274
2097	2286	 274
2095	2268	 274
2091	2248	 274
2087	2225	 274
2082	2202	 274
2077	2180	 274
2070	2159	 274
2063	2142	 274
2056	2128	 274
2047	2119	 274
2038	2117	 274
2029	2108	 274
2018	2094	 274
2007	2073	 274
1996	2048	 274
1971	2018	 274
1969	1979	 274
1957	1950	 274
1946	1922	 274
1936	1897	 274
1926	1872	 274
1917	1844	 274
1908	1822	 274
1899	1816	 274
1889	1813	 274
1880	1803	 274
1870	1786	 274
1860	1763	 274
1849	1734	 274
1840	1698	 274
1831	1676	 274
1824	1637	 274
1819	1590	 274
1816	1550	 274
1816	1523	 274
1816	1512	 274
1815	1501	 274
1813	1479	 274
1811	1444	 274
1808	1395	 274
1804	1366	 274
1800	1331	 274
1795	1284	 274
1789	1242	 274
1783	1216	 274
1776	1210	 274
1769	1191	 274
1761	1161	 274
1752	1131	 274
1743	1076	 274
1733	1045	 274
1721	1013	 274
1709	 967	 274
1697	 928	 274
1690	 909	 274
1681	 907	 274
1668	 897	 274
1653	 878	 274
1636	 851	 274
1616	 815	 274
1596	 783	 274
1576	 744	 274
1558	 696	 274
1542	 653	 274
1528	 625	 274
1518	 605	 274
1513	 601	 274
1510	 587	 274
 317	1286	 274
 342	1280	 274
 375	1274	 274
 407	1269	 274
 431	1265	 274
 445	1262	 274
 464	1259	 274
 510	1256	 274
 521	1255	 274
 567	1254	 274
 589	1253	 274
 602	1254	 274
 610	1255	 274
 634	1256	 274
 670	1259	 274
 722	1262	 274
 770	1267	 274
 803	1272	 274
 845	1279	 274
 875	1287	 274
 896	1296	 274
 907	1306	 274
 911	1318	 274
 938	1329	 274
 986	1342	 274
1032	1353	 274
1057	1364	 274
1119	1372	 274
1157	1382	 274
1191	1402	 274
1210	1427	 274
1221	1450	 274
1258	1470	 274
1311	1486	 274
1358	1499	 274
1389	1509	 274
1445	1513	 274
1484	1521	 274
1507	1539	 274
1514	1565	 274
1542	1599	 274
1587	1636	 274
1641	1670	 274
1684	1693	 274
1716	1720	 274
1753	1748	 274
1782	1773	 274
1802	1792	 274
1814	1806	 274
1816	1814	 274
1828	1816	 274
1855	1826	 274
1884	1850	 274
1909	1877	 274
1934	1903	 274
1961	1928	 274
1994	1956	 274
2021	1992	 274
2044	2024	 274
2062	2051	 274
2077	2074	 274
2088	2093	 274
2096	2106	 274
2101	2114	 274
2105	2118	 274
2108	2119	 274
2109	2128	 274
2110	2138	 274
2109	2149	 274
2109	2161	 274
2107	2174	 274
2105	2187	 274
2102	2201	 274
2098	2215	 274
2094	2229	 274
2088	2242	 274
2081	2254	 274
2074	2266	 274
2066	2277	 274
2057	2287	 274
2047	2296	 274
2038	2305	 274
2028	2312	 274
2018	2318	 274
2009	2323	 274
2000	2332	 274
1991	2341	 274
1972	2351	 274
1989	2361	 274
1974	2369	 274
1967	2378	 274
1965	2386	 274
1965	2394	 274
1965	2401	 274
1966	2407	 274
1968	2413	 274
1973	2417	 274
1979	2420	 274
1983	2421	 274
1982	2421	 274
1975	2422	 274
1967	2425	 274
1963	2429	 274
1956	2434	 274
1948	2438	 274
1938	2443	 274
1927	2446	 274
1913	2448	 274
1898	2449	 274
1880	2448	 274
1858	2445	 274
1833	2440	 274
1817	2434	 274
1815	2428	 274
1805	2423	 274
1783	2421	 274
1747	2420	 274
1697	2415	 274
1649	2405	 274
1572	2388	 274
1519	2363	 274
1500	2326	 274
1442	2293	 274
1365	2238	 274
1282	2177	 274
1215	2133	 274
1186	2116	 274
1119	2087	 274
1035	2031	 274
 945	1957	 274
 908	1902	 274
 882	1848	 274
 816	1816	 274
 737	1807	 274
 642	1775	 274
 604	1725	 274
 572	1676	 274
 502	1607	 274
 445	1543	 274
 403	1513	 274
 333	1498	 274
 302	1460	 274
 288	1399	 274
3907	1361	 274
3682	1314	 274
3614	1260	 274
3547	1224	 274
3442	1210	 274
3347	1202	 274
3330	1177	 274
3319	1153	 274
3303	1131	 274
3290	1095	 274
3285	1060	 274
3289	1048	 274
3300	1037	 274
3314	1023	 274
3327	1008	 274
3330	 994	 274
3369	 982	 274
3458	 972	 274
3544	 964	 274
3600	 959	 274
3632	 956	 274
3790	 955	 274
3932	 956	 274
 288	 959	 274
 301	 963	 274
 310	 969	 274
 349	 977	 274
 402	 987	 274
 437	 998	 274
 458	1010	 274
 493	1022	 274
 554	1033	 274
 589	1043	 274
 604	1050	 274
 619	1059	 274
 653	1083	 274
 702	1110	 274
 754	1132	 274
 788	1148	 274
 821	1161	 274
 850	1177	 274
 871	1193	 274
 887	1205	 274
 898	1210	 274
 904	1213	 274
 907	1222	 274
 908	1238	 274
 909	1260	 274
 914	1287	 274
 921	1316	 274
 929	1342	 274
 937	1363	 274
 945	1375	 274
 951	1399	 274
 957	1430	 274
 962	1456	 274
 965	1476	 274
 968	1491	 274
 970	1502	 274
 971	1510	 274
 972	1513	 274
 971	1517	 274
 971	1528	 274
 970	1541	 274
 970	1557	 274
 969	1574	 274
 969	1592	 274
 968	1610	 274
 969	1626	 274
 970	1641	 274
 971	1652	 274
 973	1662	 274
 976	1670	 274
 979	1677	 274
 983	1682	 274
 988	1686	 274
 993	1689	 274
 999	1692	 274
1006	1694	 274
1013	1695	 274
1020	1696	 274
1028	1697	 274
1035	1698	 274
1042	1700	 274
1048	1702	 274
1052	1704	 274
1061	1706	 274
1079	1708	 274
1101	1710	 274
1122	1713	 274
1139	1716	 274
1151	1719	 274
1164	1723	 274
1179	1728	 274
1195	1733	 274
1207	1738	 274
1210	1744	 274
1215	1751	 274
1229	1758	 274
1251	1766	 274
1283	1774	 274
1319	1782	 274
1351	1789	 274
1372	1797	 274
1400	1803	 274
1441	1808	 274
1473	1813	 274
1494	1815	 274
1508	1816	 274
1513	1817	 274
1526	1823	 274
1549	1835	 274
1580	1850	 274
1615	1867	 274
1649	1883	 274
1675	1899	 274
1692	1915	 274
1708	1931	 274
1727	1949	 274
1742	1973	 274
1753	1995	 274
1761	2016	 274
1767	2036	 274
1769	2053	 274
1770	2069	 274
1767	2083	 274
1761	2094	 274
1751	2103	 274
1737	2110	 274
1718	2114	 274
1696	2117	 274
1676	2118	 274
1643	2119	 274
1599	2119	 274
1557	2125	 274
1525	2128	 274
1512	2132	 274
1498	2135	 274
1466	2137	 274
1413	2140	 274
1368	2141	 274
1323	2142	 274
1262	2142	 274
1220	2142	 274
1209	2140	 274
1178	2138	 274
1140	2136	 274
1070	2133	 274
1034	2129	 274
 978	2126	 274
 925	2122	 274
 908	2119	 274
 900	2119	 274
 875	2118	 274
 838	2115	 274
 789	2110	 274
 743	2104	 274
 680	2095	 274
 635	2083	 274
 605	2069	 274
 600	2052	 274
 581	2032	 274
 543	2010	 274
 493	1983	 274
 470	1959	 274
 445	1937	 274
 429	1918	 274
 401	1900	 274
 363	1881	 274
 329	1861	 274
 307	1841	 274
 302	1824	 274
 297	1816	 274
 287	1816	 274
3935	1813	 274
3908	1806	 274
3813	1796	 274
3707	1783	 274
3632	1767	 274
3626	1749	 274
3599	1730	 274
3577	1707	 274
3545	1691	 274
3508	1674	 274
3469	1652	 274
3431	1627	 274
3398	1600	 274
3371	1576	 274
3353	1555	 274
3342	1538	 274
3336	1525	 274
3333	1517	 274
3332	1513	 274
3332	1511	 274
3334	1506	 274
3337	1500	 274
3344	1492	 274
3356	1482	 274
3374	1472	 274
3399	1459	 274
3431	1445	 274
3466	1430	 274
3502	1415	 274
3536	1399	 274
3567	1385	 274
3592	1376	 274
3615	1371	 274
3632	1365	 274
3640	1359	 274
3741	1351	 274
3822	1343	 274
3914	1334	 274
3935	1326	 274
 286	1317	 274
 296	1309	 274
 302	1301	 274
 303	1293	 274
1213	2941	 274
1213	2887	 274
1213	2826	 274
1212	2773	 274
1212	2745	 274
1211	2731	 274
1210	2724	 274
1210	2724	 274
1210	2722	 274
1210	2721	 274
1210	2722	 274
1210	2723	 274
1209	2724	 274
1207	2724	 274
1205	2731	 274
1202	2740	 274
1199	2755	 274
1195	2779	 274
1190	2813	 274
1185	2853	 274
1179	2887	 274
1173	3296	 274
1167	3280	 274
1161	3271	 274
1156	3258	 274
1150	3241	 274
1145	3221	 274
1137	3197	 274
1128	3171	 274
1116	3143	 274
1103	3116	 274
1089	3090	 274
1073	3068	 274
1059	3051	 274
1052	3039	 274
1049	3031	 274
1044	3027	 274
1037	3027	 274
1029	3027	 274
1021	3026	 274
1012	3025	 274
1003	3025	 274
 993	3025	 274
 985	3026	 274
 976	3026	 274
 969	3027	 274
 962	3027	 274
 957	3030	 274
 952	3039	 274
 949	3057	 274
 947	3083	 274
 946	3118	 274
 946	3160	 274
 947	3202	 274
 949	3240	 274
 953	3270	 274
 958	3302	 274
 966	3327	 274
 975	3337	 274
 986	3421	 274
 999	3525	 274
1013	3594	 274
1026	3632	 274
1039	3787	 274
1048	3933	 274
1055	 279	 274
1077	 297	 274
1104	 303	 274
1127	 332	 274
1144	 386	 274
1155	 431	 274
1166	 448	 274
1178	 495	 274
1188	 559	 274
1197	 594	 274
1203	 605	 274
1206	 644	 274
1208	 709	 274
1209	 778	 274
1209	 830	 274
1208	 874	 274
1206	 901	 274
1201	 908	 274
1191	 932	 274
1177	 990	 274
1160	1039	 274
1141	1075	 274
1104	1137	 274
1054	1168	 274
1030	1198	 274
 979	1210	 274
 926	1217	 274
 908	1236	 274
 894	1261	 274
 855	1288	 274
 791	1312	 274
 717	1331	 274
 635	1345	 274
 603	1355	 274
 566	1361	 274
 477	1364	 274
 438	1366	 274
 372	1366	 274
 305	1365	 274
 288	1363	 274
3808	1359	 274
3605	1354	 274
3433	1346	 274
3320	1337	 274
3222	1326	 274
3057	1313	 274
3002	1298	 274
2890	1283	 274
2760	1268	 274
2720	1255	 274
2640	1243	 274
2523	1233	 274
2453	1225	 274
2421	1219	 274
2403	1214	 274
2366	1212	 274
2321	1210	 274
2286	1210	 274
2246	1210	 274
2213	1209	 274
2192	1208	 274
2181	1206	 274
2177	1205	 274
2181	1204	 274
2192	1203	 274
2210	1202	 274
2238	1201	 274
2271	1201	 274
2303	1201	 274
2329	1201	 274
2365	1202	 274
2394	1202	 274
2414	1203	 274
2421	1204	 274
2439	1204	 274
2483	1205	 274
2528	1206	 274
2595	1206	 274
2672	1207	 274
2715	1207	 274
2727	1208	 274
2760	1208	 274
2826	1208	 274
2893	1209	 274
2946	1209	 274
3002	1209	 274
3026	1208	 274
3041	1208	 274
3096	1207	 274
3163	1207	 274
3220	1206	 274
3260	1204	 274
3286	1203	 274
3317	1201	 274
3329	1199	 274
3338	1196	 274
3388	1193	 274
3455	1190	 274
3514	1186	 274
3560	1182	 274
3591	1178	 274
3617	1174	 274
3632	1169	 274
3644	1165	 274
3737	1160	 274
3812	1156	 274
3884	1152	 274
3933	1148	 274
 275	1144	 274
 285	1139	 274
 293	1133	 274
 299	1126	 274
 302	1118	 274
 303	1110	 274
 308	1101	 274
 321	1091	 274
 340	1082	 274
 363	1072	 274
 387	1064	 274
 410	1057	 274
 427	1053	 274
 440	1051	 274
 447	1049	 274
 462	1047	 274
 488	1044	 274
 492	1041	 274
 521	1038	 274
 556	1035	 274
 576	1031	 274
 590	1028	 274
 599	1024	 274
 604	1021	 274
 607	1018	 274
 622	1014	 274
 637	1012	 274
 657	1009	 274
 682	1007	 274
 710	1004	 274
 738	1003	 274
 762	1001	 274
 781	1000	 274
 793	1000	 274
 811	1000	 274
 829	1000	 274
 844	1001	 274
 856	1002	 274
 866	1003	 274
 874	1005	 274
 881	1008	 274
 887	1011	 274
 892	1015	 274
 896	1020	 274
 899	1025	 274
 902	1030	 274
 904	1036	 274
 906	1042	 274
 907	1047	 274
 908	1052	 274
 908	1059	 274
 908	1076	 274
 910	1099	 274
 913	1122	 274
 919	1140	 274
 928	1154	 274
 939	1169	 274
 954	1187	 274
 973	1203	 274
 993	1210	 274
1014	1216	 274
1033	1234	 274
1048	1267	 274
1061	1312	 274
1101	1355	 274
1137	1383	 274
1159	1440	 274
1185	1485	 274
1207	1510	 274
1213	1526	 274
1234	1580	 274
1279	1658	 274
1335	1714	 274
1373	1773	 274
1429	1809	 274
1481	1820	 274
1509	1879	 274
1523	1947	 274
1573	2041	 274
1647	2107	 274
1697	2132	 274
1754	2209	 274
1795	2304	 274
1815	2368	 274
1827	2411	 274
1879	2423	 274
1930	2470	 274
1998	2526	 274
2062	2625	 274
2105	2684	 274
2119	2720	 274
2146	2731	 274
2193	2760	 274
2248	2810	 274
2295	2863	 274
2322	2897	 274
2352	2919	 274
2373	2945	 274
2387	2964	 274
2396	2973	 274
2402	2976	 274
2406	2973	 274
2407	2964	 274
2406	2947	 274
2404	2925	 274
2399	2904	 274
2392	2884	 274
2382	2849	 274
2368	2804	 274
2350	2764	 274
2324	2737	 274
2307	2724	 274
2276	2714	 274
2236	2683	 274
2193	2632	 274
2156	2560	 274
2129	2516	 274
2118	2478	 274
2105	2438	 274
2077	2421	 274
2037	2416	 274
1989	2397	 274
1939	2369	 274
1903	2332	 274
1869	2301	 274
1834	2259	 274
1816	2214	 274
1814	2177	 274
1803	2150	 274
1785	2132	 274
1760	2119	 274
1732	2118	 274
1698	2114	 274
1677	2107	 274
1644	2099	 274
1606	2089	 274
1571	2077	 274
1543	2065	 274
1523	2052	 274
1513	2037	 274
1510	2021	 274
1502	2002	 274
1489	1966	 274
1474	1956	 274
1454	1935	 274
1431	1915	 274
1405	1893	 274
1383	1868	 274
1371	1840	 274
1361	1819	 274
1348	1816	 274
1332	1806	 274
1316	1783	 274
1300	1746	 274
1285	1696	 274
1272	1644	 274
1260	1566	 274
1250	1516	 274
1242	1495	 274
1236	1429	 274
1230	1356	 274
1226	1264	 274
1223	1210	 274
1220	1170	 274
1218	1085	 274
1217	1010	 274
1216	 920	 274
1215	 902	 274
1214	 855	 274
1214	 778	 274
1213	 672	 274
1213	 605	 274
1213	 581	 274
1213	 494	 274
1213	 443	 274
1213	 386	 274
1213	 311	 274
1213	 295	 274
1213	3907	 274
1213	3632	 274
1214	3553	 274
1214	3366	 274
1214	3314	 274
1214	3241	 274
1214	3125	 274
1214	3031	 274
1214	3009	 274
1110	 583	 274
1118	 528	 274
1127	 485	 274
1137	 447	 274
1146	 434	 274
1155	 409	 274
1166	 378	 274
1178	 350	 274
1192	 330	 274
1203	 317	 274
1210	 309	 274
1212	 306	 274
1218	 304	 274
1233	 304	 274
1254	 305	 274
1281	 308	 274
1311	 313	 274
1340	 323	 274
1363	 337	 274
1377	 357	 274
1406	 382	 274
1439	 407	 274
1466	 428	 274
1485	 443	 274
1499	 453	 274
1509	 481	 274
1513	 507	 274
1518	 562	 274
1530	 589	 274
1546	 603	 274
1564	 616	 274
1584	 648	 274
1604	 701	 274
1622	 763	 274
1638	 805	 274
1652	 854	 274
1663	 888	 274
1673	 906	 274
1680	 912	 274
1686	 953	 274
1690	1018	 274
1693	1056	 274
1696	1134	 274
1697	1178	 274
1701	1210	 274
1705	1229	 274
1708	1291	 274
1711	1358	 274
1714	1410	 274
1717	1477	 274
1720	1509	 274
1723	1528	 274
1726	1588	 274
1729	1664	 274
1733	1715	 274
1737	1768	 274
1741	1802	 274
1746	1816	 274
1752	1833	 274
1758	1882	 274
1765	1927	 274
1772	1980	 274
1779	2043	 274
1787	2087	 274
1794	2113	 274
1801	2119	 274
1807	2143	 274
1812	2179	 274
1815	2221	 274
1816	2265	 274
1817	2300	 274
1826	2321	 274
1841	2346	 274
1862	2368	 274
1884	2385	 274
1905	2398	 274
1928	2407	 274
1955	2414	 274
1992	2419	 274
2028	2421	 274
2060	2421	 274
2088	2422	 274
2109	2425	 274
2118	2430	 274
2128	2435	 274
2155	2441	 274
2193	2448	 274
2242	2454	 274
2289	2459	 274
2321	2465	 274
2359	2470	 274
2389	2474	 274
2410	2478	 274
2421	2481	 274
2426	2484	 274
2456	2486	 274
2494	2486	 274
2532	2486	 274
2581	2484	 274
2654	2481	 274
2698	2477	 274
2722	2471	 274
2731	2463	 274
2759	2453	 274
2812	2442	 274
2874	2431	 274
2914	2423	 274
2971	2421	 274
3012	2419	 274
3027	2412	 274
3047	2399	 274
3106	2378	 274
3173	2348	 274
3229	2314	 274
3268	2269	 274
3300	2206	 274
3326	2150	 274
3331	2119	 274
3378	2100	 274
3456	2044	 274
3525	1960	 274
3575	1894	 274
3605	1830	 274
3631	1813	 274
3638	1778	 274
3732	1709	 274
3810	1636	 274
3873	1542	 274
3923	1509	 274
3935	1460	 274
3935	1372	 274
3935	1299	 274
3935	1223	 274
3935	1201	 274
3935	1148	 274
3935	1058	 274
3935	1007	 274
3935	 932	 274
3935	 908	 274
3907	 892	 274
3823	 854	 274
3728	 797	 274
3632	 747	 274
3606	 678	 274
3549	 631	 274
3434	 605	 274
3330	 598	 274
3297	 580	 274
3221	 550	 274
3081	 502	 274
3018	 514	 274
2903	 478	 274
2761	 458	 274
2705	 448	 274
2538	 446	 274
2424	 445	 274
2371	 445	 274
2214	 445	 274
2109	 446	 274
1951	 447	 274
1820	 451	 274
1768	 467	 274
1636	 484	 274
1513	 512	 274
1420	 494	 274
1291	 526	 274
1210	 556	 274
1130	 575	 274
1016	 589	 274
 912	 599	 274
 891	 604	 274
 820	 610	 274
 728	 624	 274
 633	 643	 274
 601	 668	 274
 563	 698	 274
 509	 731	 274
 447	 759	 274
 425	 780	 274
 384	 794	 274
 344	 813	 274
 319	 831	 274
 307	 844	 274
 303	 855	 274
 302	 863	 274
 302	 870	 274
 303	 875	 274
 308	 880	 274
 318	 883	 274
 339	 885	 274
 369	 887	 274
 405	 888	 274
 433	 889	 274
 447	 890	 274
 488	 890	 274
 520	 890	 274
 577	 890	 274
 601	 890	 274
 616	 890	 274
 659	 889	 274
 733	 889	 274
 791	 889	 274
 850	 889	 274
 889	 889	 274
 907	 889	 274
 919	 890	 274
 976	 891	 274
1037	 893	 274
1082	 894	 274
1147	 896	 274
1184	 899	 274
1210	 901	 274
1218	 904	 274
1248	 906	 274
1291	 907	 274
1334	 908	 274
1363	 908	 274
1380	 912	 274
1413	 920	 274
1443	 933	 274
1465	 952	 274
1480	 977	 274
1491	1003	 274
1499	1027	 274
1504	1045	 274
1507	1058	 274
1510	1097	 274
1511	1134	 274
1512	1156	 274
1512	1180	 274
1513	1203	 274
1513	1210	 274
1513	1221	 274
1513	1250	 274
1512	1294	 274
1512	1341	 274
1512	1372	 274
1511	1418	 274
1511	1469	 274
1510	1500	 274
1509	1513	 274
1509	1537	 274
1508	1592	 274
1508	1660	 274
1508	1705	 274
1508	1758	 274
1508	1796	 274
1508	1815	 274
1508	1828	 274
1508	1881	 274
1508	1935	 274
1508	2010	 274
1508	2077	 274
1508	2115	 274
1508	2134	 274
1508	2192	 274
1508	2270	 274
1508	2323	 274
1508	2375	 274
1508	2408	 274
1508	2421	 274
1507	2433	 274
1507	2474	 274
1506	2513	 274
1505	2556	 274
1504	2619	 274
1503	2670	 274
1501	2701	 274
1499	2719	 274
1497	2724	 274
1494	2731	 274
1490	2742	 274
1486	2754	 274
1481	2767	 274
1475	2779	 274
1468	2790	 274
1460	2798	 274
1451	2804	 274
1440	2807	 274
1429	2808	 274
1417	2806	 274
1403	2803	 274
1391	2798	 274
1381	2793	 274
1374	2787	 274
1370	2781	 274
1364	2776	 274
1357	2771	 274
1350	2766	 274
1341	2763	 274
1333	2761	 274
1324	2760	 274
1316	2760	 274
1308	2761	 274
1301	2765	 274
1294	2771	 274
1289	2780	 274
1284	2794	 274
1280	2813	 274
1277	2838	 274
1276	2867	 274
1276	2893	 274
1276	2915	 274
1278	2953	 274
1280	2991	 274
1284	3017	 274
1288	3027	 274
1293	3041	 274
1298	3085	 274
1304	3144	 274
1309	3199	 274
1315	3242	 274
1322	3271	 274
1327	3297	 274
1333	3320	 274
1338	3329	 274
1343	3331	 274
1347	3352	 274
1351	3382	 274
1354	3410	 274
1357	3429	 274
1359	3437	 274
1360	3433	 274
1361	3416	 274
1361	3387	 274
1360	3351	 274
1359	3330	 274
1356	3325	 274
1353	3293	 274
1348	3251	 274
1341	3174	 274
1332	3064	 274
1321	3022	 274
1309	2938	 274
1294	2827	 274
1279	2729	 274
1263	2673	 274
1249	2519	 274
1236	2423	 274
1226	2380	 274
1217	2253	 274
1212	2119	 274
1210	2029	 274
1209	1881	 274
1204	1812	 274
1196	1730	 274
1185	1596	 274
1175	1510	 274
1165	1417	 274
1156	1303	 274
1149	1210	 274
1142	1155	 274
1134	1048	 274
1125	 951	 274
1117	 907	 274
1110	 875	 274
1105	 801	 274
1102	 722	 274
1102	 638	 274
1104	 604	 274
