3027	1468	 274
3027	1484	 274
3036	1497	 274
3051	1507	 274
3073	1512	 274
3099	1517	 274
3129	1531	 274
3160	1553	 274
3188	1584	 274
3215	1620	 274
3238	1656	 274
3257	1684	 274
3272	1705	 274
3285	1736	 274
3304	1762	 274
3318	1783	 274
3327	1800	 274
3330	1811	 274
3330	1816	 274
3343	1818	 274
3366	1836	 274
3395	1863	 274
3425	1889	 274
3454	1913	 274
3479	1939	 274
3499	1968	 274
3517	2004	 274
3530	2033	 274
3541	2058	 274
3549	2078	 274
3554	2094	 274
3556	2106	 274
3556	2113	 274
3554	2117	 274
3550	2119	 274
3544	2119	 274
3535	2125	 274
3523	2129	 274
3509	2133	 274
3492	2136	 274
3471	2138	 274
3448	2139	 274
3421	2139	 274
3394	2137	 274
3368	2134	 274
3346	2131	 274
3332	2126	 274
3330	2122	 274
3329	2119	 274
3324	2118	 274
3315	2115	 274
3302	2109	 274
3285	2099	 274
3274	2085	 274
3262	2066	 274
3248	2043	 274
3231	2015	 274
3212	1970	 274
3191	1948	 274
3169	1921	 274
3147	1895	 274
3124	1867	 274
3103	1837	 274
3084	1818	 274
3067	1815	 274
3053	1808	 274
3042	1791	 274
3034	1767	 274
3029	1735	 274
3027	1697	 274
3027	1669	 274
3026	1623	 274
3024	1574	 274
3021	1536	 274
3017	1513	 274
3012	1508	 274
3006	1490	 274
3000	1461	 274
2993	1418	 274
2985	1376	 274
2977	1353	 274
2968	1315	 274
2959	1273	 274
2949	1239	 274
2938	1217	 274
2928	1210	 274
2918	1202	 274
2909	1182	 274
2903	1160	 274
2897	1141	 274
2890	1111	 274
2880	1072	 274
2868	1051	 274
2855	1039	 274
2841	1020	 274
2825	 998	 274
2810	 975	 274
2794	 953	 274
2780	 935	 274
2768	 922	 274
2757	 914	 274
2748	 909	 274
2740	 908	 274
2734	 908	 274
2729	 906	 274
2724	 904	 274
2724	 901	 274
2722	 898	 274
2718	 894	 274
2712	 890	 274
2703	 885	 274
2693	 881	 274
2682	 876	 274
2668	 871	 274
2652	 866	 274
2635	 862	 274
2613	 857	 274
2588	 853	 274
2569	 849	 274
2553	 845	 274
2539	 841	 274
2527	 837	 274
2515	 833	 274
2505	 829	 274
2494	 825	 274
2484	 821	 274
2473	 818	 274
2462	 815	 274
2452	 812	 274
2443	 810	 274
2435	 808	 274
2429	 806	 274
2425	 805	 274
2422	 804	 274
2422	 804	 274
2421	 804	 274
2421	 805	 274
2421	 806	 274
2420	 807	 274
2419	 810	 274
2418	 812	 274
2417	 816	 274
2417	 819	 274
2416	 823	 274
2416	 828	 274
2416	 833	 274
2416	 838	 274
2417	 843	 274
2418	 848	 274
2419	 854	 274
2420	 860	 274
2421	 866	 274
2421	 872	 274
2422	 878	 274
2422	 883	 274
2426	 889	 274
2433	 894	 274
2442	 898	 274
2454	 902	 274
2468	 905	 274
2483	 907	 274
2497	 908	 274
2511	 908	 274
2527	 910	 274
2545	 915	 274
2567	 923	 274
2606	 934	 274
2632	 947	 274
2658	 964	 274
2680	 982	 274
2698	 999	 274
2712	1015	 274
2721	1030	 274
2724	1041	 274
2729	1049	 274
2738	1056	 274
2751	1075	 274
2769	1098	 274
2792	1119	 274
2820	1135	 274
2849	1147	 274
2875	1156	 274
2894	1166	 274
2907	1177	 274
2926	1188	 274
2950	1197	 274
2971	1204	 274
2989	1209	 274
3003	1210	 274
3014	1210	 274
3021	1214	 274
3025	1218	 274
3027	1224	 274
3027	1232	 274
3031	1240	 274
3037	1250	 274
3044	1260	 274
3053	1270	 274
3061	1281	 274
3068	1292	 274
3075	1303	 274
3080	1312	 274
3084	1321	 274
3086	1330	 274
3086	1337	 274
3085	1343	 274
3081	1349	 274
3076	1354	 274
3069	1358	 274
3060	1361	 274
3051	1364	 274
3042	1366	 274
3033	1368	 274
3027	1369	 274
3027	1370	 274
3025	1371	 274
3020	1372	 274
3011	1372	 274
2997	1373	 274
2979	1373	 274
2957	1373	 274
2932	1373	 274
2909	1374	 274
2895	1374	 274
2875	1374	 274
2848	1374	 274
2819	1374	 274
2791	1375	 274
2769	1375	 274
2752	1375	 274
2739	1376	 274
2731	1377	 274
2724	1379	 274
2724	1380	 274
2720	1383	 274
2713	1386	 274
2705	1390	 274
2695	1395	 274
2685	1401	 274
2675	1407	 274
2665	1415	 274
2656	1424	 274
2649	1433	 274
2643	1442	 274
2639	1451	 274
2637	1460	 274
2636	1468	 274
2636	1476	 274
2638	1483	 274
2640	1489	 274
2644	1495	 274
2649	1500	 274
2654	1504	 274
2660	1508	 274
2666	1510	 274
2673	1512	 274
2679	1513	 274
2685	1513	 274
2691	1516	 274
2696	1519	 274
2701	1523	 274
2706	1526	 274
2710	1530	 274
2713	1533	 274
2716	1535	 274
2718	1537	 274
2720	1538	 274
2721	1538	 274
2722	1537	 274
2723	1535	 274
2723	1532	 274
2723	1528	 274
2723	1524	 274
2723	1520	 274
2723	1516	 274
2723	1513	 274
2722	1512	 274
2721	1510	 274
2720	1506	 274
2719	1501	 274
2717	1493	 274
2715	1484	 274
2712	1472	 274
2709	1458	 274
2705	1441	 274
2701	1421	 274
2697	1399	 274
2693	1381	 274
2688	1371	 274
2684	1361	 274
2679	1348	 274
2674	1332	 274
2670	1315	 274
2665	1297	 274
2661	1280	 274
2658	1264	 274
2655	1251	 274
2653	1240	 274
2652	1231	 274
2652	1224	 274
2653	1219	 274
2655	1216	 274
2658	1213	 274
2662	1212	 274
2666	1210	 274
2672	1210	 274
2677	1210	 274
2683	1210	 274
2689	1210	 274
2695	1210	 274
2701	1210	 274
2706	1210	 274
2711	1210	 274
2716	1210	 274
2720	1210	 274
2722	1210	 274
2724	1210	 274
2724	1210	 274
2724	1210	 274
2729	1210	 274
2733	1212	 274
2738	1212	 274
2744	1213	 274
2751	1215	 274
2758	1216	 274
2767	1218	 274
2776	1220	 274
2786	1222	 274
2797	1224	 274
2808	1227	 274
2818	1230	 274
2828	1232	 274
2838	1235	 274
2847	1238	 274
2855	1240	 274
2862	1243	 274
2869	1246	 274
2875	1250	 274
2881	1253	 274
2886	1257	 274
2890	1261	 274
2894	1266	 274
2898	1271	 274
2901	1276	 274
2904	1283	 274
2909	1290	 274
2914	1297	 274
2921	1306	 274
2929	1315	 274
2937	1324	 274
2947	1334	 274
2957	1344	 274
2967	1353	 274
2977	1362	 274
2987	1370	 274
2997	1376	 274
3006	1389	 274
3014	1408	 274
3020	1430	 274
3025	1450	 274
