1958	1072	 274
2033	1082	 274
2086	1093	 274
2114	1104	 274
2122	1114	 274
2146	1123	 274
2177	1132	 274
2209	1140	 274
2239	1146	 274
2262	1151	 274
2279	1156	 274
2289	1162	 274
2295	1168	 274
2296	1175	 274
2294	1182	 274
2289	1188	 274
2279	1194	 274
2266	1199	 274
2248	1204	 274
2227	1207	 274
2203	1209	 274
2180	1210	 274
2158	1210	 274
2139	1210	 274
2124	1212	 274
2118	1214	 274
2112	1216	 274
2099	1219	 274
2079	1222	 274
2054	1225	 274
2026	1229	 274
1995	1232	 274
1961	1235	 274
1935	1238	 274
1913	1241	 274
1893	1244	 274
1873	1247	 274
1852	1250	 274
1833	1252	 274
1820	1255	 274
1816	1257	 274
1815	1260	 274
1812	1262	 274
1806	1265	 274
1797	1268	 274
1786	1270	 274
1773	1274	 274
1759	1277	 274
1743	1280	 274
1726	1284	 274
1707	1289	 274
1693	1293	 274
1681	1299	 274
1664	1304	 274
1644	1310	 274
1623	1317	 274
1600	1324	 274
1579	1331	 274
1561	1339	 274
1545	1347	 274
1532	1355	 274
1521	1362	 274
1513	1368	 274
1513	1373	 274
1510	1381	 274
1505	1393	 274
1498	1409	 274
1490	1425	 274
1480	1441	 274
1469	1455	 274
1455	1468	 274
1439	1479	 274
1422	1489	 274
1404	1497	 274
1388	1503	 274
1376	1508	 274
1370	1512	 274
1362	1513	 274
1353	1516	 274
1342	1522	 274
1330	1530	 274
1317	1540	 274
1305	1552	 274
1292	1564	 274
1280	1577	 274
1269	1590	 274
1259	1603	 274
1251	1616	 274
1243	1627	 274
1237	1637	 274
1231	1646	 274
1227	1653	 274
1223	1659	 274
1220	1664	 274
1217	1667	 274
1215	1670	 274
1214	1671	 274
1213	1672	 274
1212	1672	 274
1210	1671	 274
1210	1669	 274
1210	1667	 274
1210	1663	 274
1210	1659	 274
1210	1654	 274
1210	1648	 274
1210	1641	 274
1209	1632	 274
1209	1623	 274
1208	1613	 274
1207	1602	 274
1206	1591	 274
1205	1579	 274
1204	1568	 274
1203	1557	 274
1201	1547	 274
1200	1537	 274
1198	1529	 274
1196	1522	 274
1193	1516	 274
1191	1513	 274
1188	1512	 274
1185	1509	 274
1181	1505	 274
1178	1499	 274
1174	1492	 274
1170	1483	 274
1166	1473	 274
1162	1461	 274
1158	1447	 274
1155	1432	 274
1151	1415	 274
1148	1397	 274
1144	1383	 274
1140	1374	 274
1135	1368	 274
1130	1360	 274
1123	1351	 274
1117	1340	 274
1110	1329	 274
1104	1317	 274
1097	1306	 274
1090	1295	 274
1083	1285	 274
1077	1277	 274
1071	1269	 274
1066	1262	 274
1062	1257	 274
1059	1253	 274
1056	1249	 274
1054	1247	 274
1053	1245	 274
1053	1245	 274
1052	1245	 274
1052	1246	 274
1052	1247	 274
1052	1250	 274
1052	1253	 274
1052	1256	 274
1052	1260	 274
1052	1265	 274
1052	1271	 274
1053	1277	 274
1054	1283	 274
1054	1290	 274
1056	1298	 274
1057	1305	 274
1059	1312	 274
1061	1319	 274
1064	1326	 274
1066	1332	 274
1069	1338	 274
1073	1343	 274
1076	1348	 274
1080	1352	 274
1083	1356	 274
1087	1359	 274
1090	1361	 274
1093	1363	 274
1096	1364	 274
1099	1365	 274
1102	1365	 274
1104	1365	 274
1106	1364	 274
1108	1363	 274
1110	1361	 274
1112	1358	 274
1113	1355	 274
1114	1352	 274
1115	1347	 274
1116	1342	 274
1117	1336	 274
1117	1330	 274
1117	1322	 274
1117	1314	 274
1117	1306	 274
1116	1297	 274
1116	1288	 274
1115	1279	 274
1113	1270	 274
1112	1261	 274
1110	1253	 274
1108	1245	 274
1105	1239	 274
1102	1232	 274
1099	1227	 274
1095	1222	 274
1091	1219	 274
1086	1215	 274
1081	1213	 274
1076	1212	 274
1070	1210	 274
1065	1210	 274
1060	1210	 274
1056	1210	 274
1053	1208	 274
1052	1206	 274
1050	1202	 274
1048	1198	 274
1046	1193	 274
1043	1187	 274
1040	1180	 274
1037	1172	 274
1033	1163	 274
1029	1154	 274
1026	1146	 274
1022	1134	 274
1018	1115	 274
1014	1090	 274
1011	1061	 274
1007	1049	 274
1004	1036	 274
1001	1015	 274
 998	 986	 274
 996	 953	 274
 994	 926	 274
 993	 910	 274
 992	 907	 274
 992	 900	 274
 992	 884	 274
 993	 857	 274
 994	 819	 274
 996	 779	 274
 999	 725	 274
1002	 664	 274
1005	 623	 274
1009	 604	 274
1013	 587	 274
1018	 544	 274
1022	 512	 274
1027	 447	 274
1031	 428	 274
1035	 381	 274
1039	 327	 274
1043	 302	 274
1046	 294	 274
1049	3935	 274
1051	3813	 274
1053	3632	 274
1058	3595	 274
1065	3515	 274
1073	3394	 274
1083	3330	 274
1092	3314	 274
1100	3274	 274
1108	3238	 274
1115	3190	 274
1121	3139	 274
1127	3095	 274
1132	3065	 274
1136	3048	 274
1139	3041	 274
1142	3040	 274
1144	3044	 274
1145	3056	 274
1146	3077	 274
1147	3111	 274
1147	3154	 274
1147	3200	 274
1146	3243	 274
1144	3275	 274
1142	3311	 274
1139	3330	 274
1134	3365	 274
1127	3472	 274
1117	3563	 274
1106	3618	 274
1091	3653	 274
1073	3833	 274
1057	3935	 274
1050	 292	 274
1043	 302	 274
1030	 310	 274
1013	 344	 274
 990	 391	 274
 964	 427	 274
 940	 445	 274
 920	 474	 274
 909	 492	 274
 908	 546	 274
 903	 579	 274
 892	 596	 274
 873	 604	 274
 848	 615	 274
 814	 634	 274
 783	 660	 274
 745	 693	 274
 696	 729	 274
 654	 760	 274
 625	 783	 274
 605	 799	 274
 600	 823	 274
 587	 842	 274
 565	 857	 274
 525	 870	 274
 494	 881	 274
 481	 889	 274
 449	 895	 274
 444	 900	 274
 436	 904	 274
 426	 906	 274
 414	 907	 274
 403	 908	 274
 394	 908	 274
 389	 909	 274
 388	 911	 274
 391	 914	 274
 398	 919	 274
 409	 923	 274
 423	 928	 274
 436	 933	 274
 446	 939	 274
 466	 945	 274
 500	 951	 274
 537	 957	 274
 581	 963	 274
 602	 969	 274
 617	 975	 274
 662	 981	 274
 740	 986	 274
 800	 991	 274
 862	 997	 274
 900	1001	 274
 909	1006	 274
 967	1011	 274
1044	1015	 274
1128	1019	 274
1190	1023	 274
1217	1027	 274
1290	1031	 274
1371	1035	 274
1462	1038	 274
1510	1041	 274
1549	1044	 274
1649	1047	 274
1722	1049	 274
1786	1051	 274
1815	1053	 274
1836	1057	 274
1898	1063	 274
